TraceID,SpanID,ParentID,PodName,OperationName,StartTimeUnixNano,EndTimeUnixNano,Duration
6068c64996b45bc76d86778ffaa7c791,31607a3d8845ddd4,root,mobilenet-5b4b695d8d-h2wjf,mobilenet,1685432169439766686,1685432169742411374,302644
89e31044ec9baf5120794faa6374b715,02754216a1fca18e,root,mobilenet-5b4b695d8d-h2wjf,mobilenet,1685432169422931416,1685432169583068203,160136
1d80e80f7617a67a4ee19f5345c192e5,6a161b94a6f5eda9,root,mobilenet-5b4b695d8d-h2wjf,mobilenet,1685432164148448710,1685432164384031999,235583
b3b7124c49ffa0996b9dd78ddf7a42c5,317ade08b0842974,root,mobilenet-5b4b695d8d-h2wjf,mobilenet,1685432162235655207,1685432162453409106,217753
5b9ff55750cc43493c344ae058a5be07,afe0dac86cb646c8,root,mobilenet-5b4b695d8d-h2wjf,mobilenet,1685432162939541616,1685432163187787741,248246
544482bab9aae528ae7182175212672f,eab7c24c668d3659,root,mobilenet-5b4b695d8d-h2wjf,mobilenet,1685432162898739491,1685432163123063850,224324
09f127d7366b87d27462d2bd044d6b98,ed16ead52f9bc5d3,root,mobilenet-5b4b695d8d-h2wjf,mobilenet,1685432166240731685,1685432166443126417,202394
8268ecf2e5b3f600986a8aa06259f477,43cb8172def3d48e,root,mobilenet-5b4b695d8d-h2wjf,mobilenet,1685432164481537036,1685432164692674738,211137
f8eb100d35fbc817bb45cc4a594a2c3b,21bbf82cb9505f13,root,mobilenet-5b4b695d8d-h2wjf,mobilenet,1685432161770666543,1685432162014381067,243714
8e53a6656b3297d4f039318f6459ea41,3a779f7a8208d8e0,root,mobilenet-5b4b695d8d-h2wjf,mobilenet,1685432166611521095,1685432166807067448,195546
589a742501390e1e1c186cdc70232c3f,28d478f3b39e57ca,root,mobilenet-5b4b695d8d-h2wjf,mobilenet,1685432165343254152,1685432165505812863,162558
3a986f818f40a53c1fd921db5bf2545a,0c6d5c1c66a5fae7,root,mobilenet-5b4b695d8d-h2wjf,mobilenet,1685432164548479549,1685432164808963630,260484
a9306e8336b8be5503aa74ea50b9bb5a,8c5b80522aef5f44,root,mobilenet-5b4b695d8d-h2wjf,mobilenet,1685432168454102702,1685432168797085366,342982
075060078588a7a3055bb695cd596a38,b0e1154614d501b1,root,mobilenet-5b4b695d8d-h2wjf,mobilenet,1685432167603237397,1685432167837151697,233914
dc38189c1bda671d3b8b8a79c251fe01,944fa7d519f44b09,root,mobilenet-5b4b695d8d-h2wjf,mobilenet,1685432164181232231,1685432164442249302,261017
517330ed356b9ce9cdb7edf94659cc55,c1cf73204c06800e,root,mobilenet-5b4b695d8d-h2wjf,mobilenet,1685432168926696352,1685432169102942401,176246
94a0361521b89e4af62aad7ffa2460ed,892b45ceea0526dd,root,mobilenet-5b4b695d8d-h2wjf,mobilenet,1685432160681270253,1685432160884104001,202833
bfb1af3b89d570e9be5896a3024cc3b9,fc44c4a634446395,root,mobilenet-5b4b695d8d-h2wjf,mobilenet,1685432160392161474,1685432160607086752,214925
085a5c46d16ef68322fdf5e710aa50b8,270a26380be8b75a,root,mobilenet-5b4b695d8d-h2wjf,mobilenet,1685432161812555361,1685432162129181558,316626
07a8e0aac0a28ca4f581c7871422d85f,1c044af68259f5ee,root,mobilenet-5b4b695d8d-h2wjf,mobilenet,1685432169056050703,1685432169298283817,242233
1167a5930aedb088efb6289f36baf590,1ae7d5dc603e836f,root,mobilenet-5b4b695d8d-h2wjf,mobilenet,1685432159931938815,1685432160144898452,212959
6ccd7b5f5752d4577e8f5455a9a89724,bb82b796c79f703b,root,mobilenet-5b4b695d8d-h2wjf,mobilenet,1685432173879282239,1685432174242433738,363151
b0c1eb5f63c42344bb3e8ae6070405a8,d4da2e57b2507ceb,root,mobilenet-5b4b695d8d-h2wjf,mobilenet,1685432173859953860,1685432174249860842,389906
698ae91a0a4b43b617b210ea19fa1f3d,0308b35986b3cf17,root,mobilenet-5b4b695d8d-h2wjf,mobilenet,1685432172756551404,1685432173016623016,260071
08666d7c30fb13c281a0a9d7cce4bb76,283b3889e847a5b8,root,mobilenet-5b4b695d8d-h2wjf,mobilenet,1685432171395470313,1685432171611973522,216503
cbaa8b3eda4f5f305275da0da7cb7e16,009ada43107d3249,root,mobilenet-5b4b695d8d-h2wjf,mobilenet,1685432178339982134,1685432178527717403,187735
09ece9addd0bf4fb046cdb92a4aded02,db93bc4a2c617844,root,mobilenet-5b4b695d8d-h2wjf,mobilenet,1685432178966793380,1685432179206426873,239633
a52df4999f57d90d1846dd93eeb77d73,a5add26a145404d4,root,mobilenet-5b4b695d8d-h2wjf,mobilenet,1685432175594327807,1685432175883026020,288698
49e56a0f00200c124c0ad1adfa1fffd6,cd3903f2607da701,root,mobilenet-5b4b695d8d-h2wjf,mobilenet,1685432172080193821,1685432172331220216,251026
34bdfcc8c07da7a937a765b96828d8f0,3731ddcb322dc3ff,root,mobilenet-5b4b695d8d-h2wjf,mobilenet,1685432160257543571,1685432160467601319,210057
53120ed3a4fcbeae30d540b952ada5c0,e13c5818f683f67b,root,mobilenet-5b4b695d8d-h2wjf,mobilenet,1685432173279439875,1685432173464617134,185177
4218c94bb1e1658e03f0efcba775e08d,cd3dd9658c813c83,root,mobilenet-5b4b695d8d-h2wjf,mobilenet,1685432175451848570,1685432175669634528,217785
88909efcde44bd642c5235f5a236a4b1,04b2b9c2a54ade29,root,mobilenet-5b4b695d8d-h2wjf,mobilenet,1685432174463449869,1685432174754060628,290610
0a572b64b1fa70bd66b564c05b9ee19e,b07bd467636f12ce,root,mobilenet-5b4b695d8d-h2wjf,mobilenet,1685432177966324547,1685432178172564991,206240
f1a5ca5b59c2a1f3d1fca03b5ab4ed1f,7e48eec1f28377d9,root,mobilenet-5b4b695d8d-h2wjf,mobilenet,1685432177264313117,1685432177510436887,246123
ff34d4c6c27418c393875af48f01f632,b41c1226d09107a3,root,mobilenet-5b4b695d8d-h2wjf,mobilenet,1685432175992937082,1685432176168656651,175719
98e1c4902717af2fe744edf71d4c8090,b994952e30457f01,root,mobilenet-5b4b695d8d-h2wjf,mobilenet,1685432178538758492,1685432178762675543,223917
67fa74e4e546f3137799ac44b9512d11,9a71144a5010178c,root,mobilenet-5b4b695d8d-h2wjf,mobilenet,1685432175914113412,1685432176190393318,276279
baffc9c708707226063ca96229afd14d,a7fe42394b69f19c,root,mobilenet-5b4b695d8d-h2wjf,mobilenet,1685432171531564220,1685432171855479236,323915
e2c0f45a825878a12428a7cdf229d63b,2b5381eb820d6eb6,root,mobilenet-5b4b695d8d-h2wjf,mobilenet,1685432177770681315,1685432177967579634,196898
769299778b142881cf2b724e4ef058a9,ca8d689bc4ce5b78,root,mobilenet-5b4b695d8d-h2wjf,mobilenet,1685432184641425170,1685432184882353421,240928
15f955120a933853b45ca56de20870cc,d773254e54f5339f,root,mobilenet-5b4b695d8d-h2wjf,mobilenet,1685432188039551956,1685432188197695947,158143
c9c822c91ab6613b1b487e3894f6c0b5,96e5517319bd4234,root,mobilenet-5b4b695d8d-h2wjf,mobilenet,1685432170800322454,1685432171050389823,250067
1642d1973c6f719b4e16a1e69ba8820d,7d71c32d3e855e9f,root,mobilenet-5b4b695d8d-h2wjf,mobilenet,1685432171193397479,1685432171381364847,187967
8d6a34d8ee725b4719bb10e4beb46fde,2ad0aa58ac9ace22,root,mobilenet-5b4b695d8d-h2wjf,mobilenet,1685432181436105162,1685432181701968500,265863
776e13fe20b1a946b74fb481516138bc,ededcb6cc2ae4f0f,root,mobilenet-5b4b695d8d-h2wjf,mobilenet,1685432183408212730,1685432183678368509,270155
176abb7a6c286d03fb55db77c1aee992,93a63bacb3a34996,root,mobilenet-5b4b695d8d-h2wjf,mobilenet,1685432182816590259,1685432183015861486,199271
a80850a9da9352d5062ee6cab1083f8c,eef2ae6a8519d254,root,mobilenet-5b4b695d8d-h2wjf,mobilenet,1685432186431437229,1685432186700031390,268594
260b7db565b86078d1c25eb65860ec47,6bc3605faf45b613,root,mobilenet-5b4b695d8d-h2wjf,mobilenet,1685432189836035123,1685432190102367226,266332
4f9303212ebd1875ae762809f73f245f,acecbe8c9dde325f,root,mobilenet-5b4b695d8d-h2wjf,mobilenet,1685432182439734629,1685432182715552000,275817
c3b3f912990d8309050f49e7ef7afd37,fd3276d0149b0e00,root,mobilenet-5b4b695d8d-h2wjf,mobilenet,1685432186376045418,1685432186618239632,242194
1584f192c801fc17a0d3ad59b6c1e6cf,506c8ea5efec55df,root,mobilenet-5b4b695d8d-h2wjf,mobilenet,1685432170104332720,1685432170384701105,280368
f1a29a3689673732b63906bdd8b989f0,fb45c43347bc1e39,root,mobilenet-5b4b695d8d-h2wjf,mobilenet,1685432185758159143,1685432186023730025,265570
7a5a3ec81a858052497dcf46c8a47555,354f9cf631413702,root,mobilenet-5b4b695d8d-h2wjf,mobilenet,1685432188361333374,1685432188505062451,143729
eb371508bc9aea53f3f9acc4ee3d4fca,97767f8135f0567a,root,mobilenet-5b4b695d8d-h2wjf,mobilenet,1685432185305572616,1685432185558373472,252800
8f98bc5b9a6534f46e993057d9013e86,d4b0c5030b714e32,root,mobilenet-5b4b695d8d-h2wjf,mobilenet,1685432184164594638,1685432184465192933,300598
170ad3600760e755283d15c7a1f222e3,f88400c32f1ebe14,root,mobilenet-5b4b695d8d-h2wjf,mobilenet,1685432187948945570,1685432188152542966,203597
b6fadbbb66244e7680f49b1529cac403,feae4387cfccf61f,root,mobilenet-5b4b695d8d-h2wjf,mobilenet,1685432184019449161,1685432184236044177,216595
760aca1884ca6636a8cea6316c7681a8,c2b8e49e2faa2a56,root,mobilenet-5b4b695d8d-h2wjf,mobilenet,1685432189031494042,1685432189227598187,196104
39065df7c7a6a674192a0278c64b6476,890c1313cb35d3fc,root,mobilenet-5b4b695d8d-h2wjf,mobilenet,1685432186897355441,1685432187085929728,188574
0a4ceb5a6232d3df0adcc62ed198d078,19362fc00ac57d0b,root,mobilenet-5b4b695d8d-h2wjf,mobilenet,1685432197779942214,1685432197947408720,167466
acbc1af42ace131aae81fe326b87f76c,f0987289927b32f2,root,mobilenet-5b4b695d8d-h2wjf,mobilenet,1685432180816185793,1685432181035097846,218912
3195f3e6e98fe7e4a0698e0109c23c7d,02d9f9425dca11b3,root,mobilenet-5b4b695d8d-h2wjf,mobilenet,1685432194112163488,1685432194311244504,199081
1fb98b743eb919f7cee5a4604519b155,3ec621ca4b0bd3af,root,mobilenet-5b4b695d8d-h2wjf,mobilenet,1685432197690780452,1685432198005187961,314407
5c24bc141d3fc663e43a0c610993b74f,8e17f92dd0e96c55,root,mobilenet-5b4b695d8d-h2wjf,mobilenet,1685432198222957471,1685432198382436769,159479
d359ddee6fd7b1cabf08a5e2754eb4fc,943aa18777510008,root,mobilenet-5b4b695d8d-h2wjf,mobilenet,1685432192391615444,1685432192537825779,146210
dd23c2054e1368514a7a60612d473b1c,479133c6412e2ac7,root,mobilenet-5b4b695d8d-h2wjf,mobilenet,1685432196075587866,1685432196253720757,178132
70997da231b50ed0ab1cce606dc18669,daaa0cd76a2073bb,root,mobilenet-5b4b695d8d-h2wjf,mobilenet,1685432181057015662,1685432181247085588,190069
178a5b7164c698b0625508f85a21648f,985c60f299629fbd,root,mobilenet-5b4b695d8d-h2wjf,mobilenet,1685432194165332783,1685432194445540230,280207
f5748687edd69d73ec9fa36a77c93c86,f0d9cfe742a34feb,root,mobilenet-5b4b695d8d-h2wjf,mobilenet,1685432190778715851,1685432191085761336,307045
72de43c10774b31c76852d0347dbb522,d4d1a77d5079c3b7,root,mobilenet-5b4b695d8d-h2wjf,mobilenet,1685432191720733220,1685432191959985316,239252
9ecf0077a080f58b188b265fcf6b78e4,b8ba29a58ad13222,root,mobilenet-5b4b695d8d-h2wjf,mobilenet,1685432181436218670,1685432181705081677,268863
d0d401e955714f0809b1b9e4b3c8cd70,ac98f758612c74a1,root,mobilenet-5b4b695d8d-h2wjf,mobilenet,1685432198879314452,1685432199090488533,211174
5dbde88690624f9369d39d47b1099922,60b8b4cd84eb50fb,root,mobilenet-5b4b695d8d-h2wjf,mobilenet,1685432194817764801,1685432195016105047,198340
59b612df63914d63d312051c0bed396a,0a2f865dc3b478b8,root,mobilenet-5b4b695d8d-h2wjf,mobilenet,1685432196622609000,1685432196827424484,204815
6d107e55803494d9d06d43e1c9c7f9e5,3fbf9e822b468659,root,mobilenet-5b4b695d8d-h2wjf,mobilenet,1685432196397075299,1685432196591543829,194468
d74bd29382e09d7b1b9c6213683460ef,d93e02cf39ecdb33,root,mobilenet-5b4b695d8d-h2wjf,mobilenet,1685432191743550264,1685432191917137696,173587
1e64678f96f5637cd58decde01b7e882,5d0e87fb9981bd73,root,mobilenet-5b4b695d8d-h2wjf,mobilenet,1685432199307331706,1685432199473773449,166441
7caa97dde632b0129ec18bc7b55497b4,2b9f7f5dc74edaf4,root,mobilenet-5b4b695d8d-h2wjf,mobilenet,1685432192886470135,1685432193357029458,470559
5d6b1d6e3b32350dbe5614fe4fcc7466,3881c04f0f696211,root,mobilenet-5b4b695d8d-h2wjf,mobilenet,1685432195353580536,1685432195519419522,165838
dee0023333c760e241251879f66edad7,bd0fcd87bad8c1f5,root,mobilenet-5b4b695d8d-h2wjf,mobilenet,1685432208691693238,1685432208970899752,279206
49f8088d3f265094a33e68e49bc3b371,31c197134417d996,root,mobilenet-5b4b695d8d-h2wjf,mobilenet,1685432204786035548,1685432204995644072,209608
cdf0cb11f7c705a79cd875d9d3b0349d,ab6a765a09ef6556,root,mobilenet-5b4b695d8d-h2wjf,mobilenet,1685432200428991868,1685432200700198519,271206
aaaf7c711bbae66590d1412c5f7614bd,18289bc971a4c360,root,mobilenet-5b4b695d8d-h2wjf,mobilenet,1685432208603605677,1685432208755589375,151983
b49a57318a44f6c0ca7957f3bd24a618,30ceb0d6b93c111c,root,mobilenet-5b4b695d8d-h2wjf,mobilenet,1685432203076889923,1685432203307811695,230921
32e8af79282845cac65933e513636771,61f844336dbc85be,root,mobilenet-5b4b695d8d-h2wjf,mobilenet,1685432209640124199,1685432209839507988,199383
20c402063af84e587f88bf6094528ab4,df208134ec752f8b,root,mobilenet-5b4b695d8d-h2wjf,mobilenet,1685432202039766312,1685432202273053020,233286
564b188abeb94cac437adbe44b68e620,d8282cde9ccd3e37,root,mobilenet-5b4b695d8d-h2wjf,mobilenet,1685432204111859092,1685432204259548160,147689
530223e898697d0904f162124d983410,34a9b286989ceb02,root,mobilenet-5b4b695d8d-h2wjf,mobilenet,1685432207912341241,1685432208156782360,244441
7474bd5efb1d045b4d62317d2b0dbb67,5f28c2b0d1c7e0e1,root,mobilenet-5b4b695d8d-h2wjf,mobilenet,1685432190075463823,1685432190291704735,216240
9f6d2e48d596890cda995673d48a720d,a0ec2cf71fb41f43,root,mobilenet-5b4b695d8d-h2wjf,mobilenet,1685432202328517654,1685432202638394761,309877
19de653b4519a8bc35510fd5b1db3828,928e0484a148ed44,root,mobilenet-5b4b695d8d-h2wjf,mobilenet,1685432190399306949,1685432190595735257,196428
80581e602f95d7f23e73d41a184bec8b,3eb5da298a2e7b11,root,mobilenet-5b4b695d8d-h2wjf,mobilenet,1685432204495499741,1685432204763423328,267923
fbad14f9ef2a1d78c881b943c689ec40,b7c86b9252d5b952,root,mobilenet-5b4b695d8d-h2wjf,mobilenet,1685432201615928101,1685432201766366203,150438
eff3f1ab7a9bd04d56542ff9a70cd3ac,b4058be943c0c599,root,mobilenet-5b4b695d8d-h2wjf,mobilenet,1685432204875800914,1685432205080387515,204586
c4b38a0452b4d50368241833d75fc472,580c6af4a6f2dded,root,mobilenet-5b4b695d8d-h2wjf,mobilenet,1685432206199292035,1685432206341609389,142317
63a8c4d0d73cf8d04796751d1695b61e,cf2a139a5f047dc1,root,mobilenet-5b4b695d8d-h2wjf,mobilenet,1685432206303978149,1685432206565175302,261197
89c08f65744bf4bb644549bae383e607,b6c466300e0b3371,root,mobilenet-5b4b695d8d-h2wjf,mobilenet,1685432203493553662,1685432203750389492,256835
eb53fa81511990306d94d7058e9bc8a0,372b3f055828127b,root,mobilenet-5b4b695d8d-h2wjf,mobilenet,1685432202320428910,1685432202613047373,292618
1be95a15e6c90fdd952a45fa09df0db7,e7b512e58f960d67,root,mobilenet-5b4b695d8d-h2wjf,mobilenet,1685432207791587708,1685432208181818848,390231
2d7eba0cba4d81295eb8e12aa384dbf7,973ce8452a3d70cd,root,mobilenet-5b4b695d8d-h2wjf,mobilenet,1685432218407119743,1685432218615132504,208012
cdd42c3937d674b38ad72ed79d0ca843,d534a38802bbcfd8,root,mobilenet-5b4b695d8d-h2wjf,mobilenet,1685432214924033040,1685432215203304074,279271
06e99b5add3d52ffadc094e97feea38e,15ac88cc34cfd652,root,mobilenet-5b4b695d8d-h2wjf,mobilenet,1685432216575468277,1685432216771524691,196056
15cb9c76d4b225956fa9184ad197b46d,0189da5291c6e78f,root,mobilenet-5b4b695d8d-h2wjf,mobilenet,1685432212223428449,1685432212397825780,174397
61b1dd6de0b0906166332af2da90f0ed,cc54eec941485920,root,mobilenet-5b4b695d8d-h2wjf,mobilenet,1685432213391842460,1685432213647584366,255741
a3619b066caf3ab093cc3606ef0a9825,6b01f0d959443ecb,root,mobilenet-5b4b695d8d-h2wjf,mobilenet,1685432215655722220,1685432215910395935,254673
0a0bfcaf809d4c5248a6cad17ac2b9f8,d7ad6cd201cf202e,root,mobilenet-5b4b695d8d-h2wjf,mobilenet,1685432214159369391,1685432214317953296,158583
2dee6042a032c3dad4621fd1adfd5f62,c906e5d950ded9aa,root,mobilenet-5b4b695d8d-h2wjf,mobilenet,1685432213336343987,1685432213578600495,242256
9b73f6641a39a6fc2ea18fd35aa5b514,b61418b6a14d90a7,root,mobilenet-5b4b695d8d-h2wjf,mobilenet,1685432215404551991,1685432215599576706,195024
2cb8d8bd68a986052f2cd337779ee9c1,f804d4dfdb23415e,root,mobilenet-5b4b695d8d-h2wjf,mobilenet,1685432212960871975,1685432213186414823,225542
bf2b7e47907822299abfc14a31fc456c,84f933d7839fc8e2,root,mobilenet-5b4b695d8d-h2wjf,mobilenet,1685432219031566853,1685432219241599792,210032
bb5c59a4e5a0ac65a1ded21a78844f38,79d952c055ed560e,root,mobilenet-5b4b695d8d-h2wjf,mobilenet,1685432219589108938,1685432219754852121,165743
838ee287ae35454943420ee585d4f23f,e9b1592fa35d4488,root,mobilenet-5b4b695d8d-h2wjf,mobilenet,1685432216047484685,1685432216251757326,204272
ad6ec753699fdb2fa3080e62e24d1bd5,b4235ccd2122ed1f,root,mobilenet-5b4b695d8d-h2wjf,mobilenet,1685432200355352790,1685432200498544449,143191
5dac72f0d349923d7e292ca212eeeab0,bc1d77506eb8fd58,root,mobilenet-5b4b695d8d-h2wjf,mobilenet,1685432217108512300,1685432217342753163,234240
e1c43ee842f881a2315e8c10591578c8,80f1c597adeb8eda,root,mobilenet-5b4b695d8d-h2wjf,mobilenet,1685432217191911422,1685432217346476036,154564
6874a18d4d9f89c2d7d53a8896225188,77e9505d460b4181,root,mobilenet-5b4b695d8d-h2wjf,mobilenet,1685432200327323354,1685432200546040156,218716
4b5db25700aeafe8e9b36da6138f5459,50a29c57df074f21,root,mobilenet-5b4b695d8d-h2wjf,mobilenet,1685432220019369057,1685432220174159586,154790
5b7a02852768e2e65aa90a7a1f131193,b7816d94ead22b48,root,mobilenet-5b4b695d8d-h2wjf,mobilenet,1685432214856841085,1685432215149362049,292520
43fc32a871134fab217c9b89394f5922,1f4a50a7b2bdb8a7,root,mobilenet-5b4b695d8d-h2wjf,mobilenet,1685432218172194101,1685432218399805459,227611
a4e7d563a157781125e7793431d6e2b0,890004205dd5b320,root,mobilenet-5b4b695d8d-h2wjf,mobilenet,1685432211227495168,1685432211525961826,298466
835d9e3c59b3b298d05adf0d0b41dc0d,fc440600740ae78d,root,mobilenet-5b4b695d8d-h2wjf,mobilenet,1685432211602762160,1685432211761685449,158923
91f420954a4afb35555930221042a651,bd358a32c20ff14d,root,mobilenet-5b4b695d8d-h2wjf,mobilenet,1685432210619987951,1685432210830389291,210401
460e892a85d9a103c04daa0eb1eafa7a,5a67614320383370,root,mobilenet-5b4b695d8d-h2wjf,mobilenet,1685432211347580697,1685432211483783943,136203
810ca4b9b7c8d1a593c9fd8ec8cf2601,f4aa7cc35b8abab8,root,mobilenet-5b4b695d8d-h2wjf,mobilenet,1685432210095432939,1685432210312559241,217126
