TraceID,SpanID,ParentID,PodName,OperationName,StartTimeUnixNano,EndTimeUnixNano,Duration
2483db1aacfc0453882b2840a82ebf36,a28cb0659e79828d,root,mobilenet-6bc7d9b854-q8774,mobilenet,1685439844830658430,1685439844984423436,153765
2483db1aacfc0453882b2840a82ebf36,f911c52d0628aa5d,a28cb0659e79828d,mobilenet-6bc7d9b854-q8774,resizeXimg,1685439844897493132,1685439844984379534,86886
6939d46d96b005990cdcf2ed08260a7c,3589ca7a34b33bbd,root,mobilenet-6bc7d9b854-q8774,mobilenet,1685439847791631528,1685439847960258639,168627
6939d46d96b005990cdcf2ed08260a7c,aabe0d6fcd445024,3589ca7a34b33bbd,mobilenet-6bc7d9b854-q8774,resizeXimg,1685439847858537360,1685439847960217967,101680
b9c9dba9b394bba19cbff696f36ad7e6,ade4afb0eff81e6b,root,mobilenet-6bc7d9b854-q8774,mobilenet,1685439848867382639,1685439849067643705,200261
b9c9dba9b394bba19cbff696f36ad7e6,96fd53463e8f16e5,ade4afb0eff81e6b,mobilenet-6bc7d9b854-q8774,resizeXimg,1685439848932169778,1685439849067600096,135430
425ee9f6fa26d61be1eaa4a97e34006a,952392cd48677123,root,mobilenet-6bc7d9b854-q8774,mobilenet,1685439842975484126,1685439843218471216,242987
425ee9f6fa26d61be1eaa4a97e34006a,046d896bcbee7142,952392cd48677123,mobilenet-6bc7d9b854-q8774,resizeXimg,1685439843034731367,1685439843218424659,183693
155b9bdaed64893d3703e17f58dce0c6,d33c592016618dd0,root,mobilenet-6bc7d9b854-q8774,mobilenet,1685439849251227068,1685439849398861145,147634
155b9bdaed64893d3703e17f58dce0c6,409b4fdc778bcba1,d33c592016618dd0,mobilenet-6bc7d9b854-q8774,resizeXimg,1685439849310069523,1685439849398817015,88747
f7a75af5705b1a6065343eae44a426bb,a6dee5227e3a8fef,root,mobilenet-6bc7d9b854-q8774,mobilenet,1685439849467521429,1685439849679230831,211709
f7a75af5705b1a6065343eae44a426bb,0893ebef5cd46dec,a6dee5227e3a8fef,mobilenet-6bc7d9b854-q8774,resizeXimg,1685439849527418278,1685439849679187320,151769
f6dd69a9c992be756864d88487a194a6,1f8f6a79ee1749bf,root,mobilenet-6bc7d9b854-q8774,mobilenet,1685439844928866149,1685439845134784362,205918
f6dd69a9c992be756864d88487a194a6,a9b7ab7948923d1e,1f8f6a79ee1749bf,mobilenet-6bc7d9b854-q8774,resizeXimg,1685439845044665428,1685439845134741213,90075
6cd087f61eb48ec3ca3a5596042c0d06,fad867fa5ebe4a42,root,mobilenet-6bc7d9b854-q8774,mobilenet,1685439842522473228,1685439842796720053,274246
6cd087f61eb48ec3ca3a5596042c0d06,7834aa4e883a8c32,fad867fa5ebe4a42,mobilenet-6bc7d9b854-q8774,resizeXimg,1685439842586271598,1685439842796674787,210403
ffa096f5a2a712fd35181ab10b3d5b21,6a14787a827278e7,root,mobilenet-6bc7d9b854-q8774,mobilenet,1685439848041829313,1685439848186248066,144418
ffa096f5a2a712fd35181ab10b3d5b21,498ee2429ba6da6e,6a14787a827278e7,mobilenet-6bc7d9b854-q8774,resizeXimg,1685439848101256812,1685439848186204176,84947
81a69b182a38d493adee7c50eac69d82,b58526d008f362cb,root,mobilenet-6bc7d9b854-q8774,mobilenet,1685439844671466056,1685439844872655084,201189
81a69b182a38d493adee7c50eac69d82,7b0bf2712c7402bd,b58526d008f362cb,mobilenet-6bc7d9b854-q8774,resizeXimg,1685439844726965056,1685439844872610656,145645
fd26de333e91a945f5bc0065495addf8,5b2f2119654bab42,root,mobilenet-6bc7d9b854-q8774,mobilenet,1685439842280772392,1685439842440573443,159801
fd26de333e91a945f5bc0065495addf8,7a3f71ef2efc4824,5b2f2119654bab42,mobilenet-6bc7d9b854-q8774,resizeXimg,1685439842345236286,1685439842440506887,95270
140332640b9fb54523d1966ecd0a4277,41f9ba16778471db,root,mobilenet-6bc7d9b854-q8774,mobilenet,1685439846191326810,1685439846594446869,403120
140332640b9fb54523d1966ecd0a4277,4c9d89afa43a10fd,41f9ba16778471db,mobilenet-6bc7d9b854-q8774,resizeXimg,1685439846275748148,1685439846594401349,318653
8cbd5e603965e084734d37b197b54801,4c1ee7ba984a7e3a,root,mobilenet-6bc7d9b854-q8774,mobilenet,1685439846158585194,1685439846338427854,179842
8cbd5e603965e084734d37b197b54801,b975a4e75527854c,4c1ee7ba984a7e3a,mobilenet-6bc7d9b854-q8774,resizeXimg,1685439846225475510,1685439846338379664,112904
0c84eb79a0535651a366a7933e140b9e,cf68c48d6c290ca8,root,mobilenet-6bc7d9b854-q8774,mobilenet,1685439844775805817,1685439845046627711,270821
0c84eb79a0535651a366a7933e140b9e,bb9296716079599c,cf68c48d6c290ca8,mobilenet-6bc7d9b854-q8774,resizeXimg,1685439844875198441,1685439845046585111,171386
b137c817137e4d20e613b22da272974a,c9bff8ba8f174e47,root,mobilenet-6bc7d9b854-q8774,mobilenet,1685439846783289345,1685439846943551555,160262
b137c817137e4d20e613b22da272974a,b67739fbdf0a1074,c9bff8ba8f174e47,mobilenet-6bc7d9b854-q8774,resizeXimg,1685439846857370730,1685439846943507226,86136
64291cf7f60cd55fb90a71f1d6253c19,38534ad48c513fcb,root,mobilenet-6bc7d9b854-q8774,mobilenet,1685439841761494491,1685439841977304023,215809
64291cf7f60cd55fb90a71f1d6253c19,e32e242ca46f1d1b,38534ad48c513fcb,mobilenet-6bc7d9b854-q8774,resizeXimg,1685439841816676142,1685439841977257954,160581
d7740a3b878cf7b636e1bf6790976217,6e29989182e17f2e,root,mobilenet-6bc7d9b854-q8774,mobilenet,1685439843596090025,1685439843751101368,155011
d7740a3b878cf7b636e1bf6790976217,0b43153f52d2b383,6e29989182e17f2e,mobilenet-6bc7d9b854-q8774,resizeXimg,1685439843662474625,1685439843751056143,88581
cb63f65359903edbdf2db04c921b452d,3469d1223bd20e02,root,mobilenet-6bc7d9b854-q8774,mobilenet,1685439847399808520,1685439847629616630,229808
cb63f65359903edbdf2db04c921b452d,52b29bb2d974710c,3469d1223bd20e02,mobilenet-6bc7d9b854-q8774,resizeXimg,1685439847456507249,1685439847629563556,173056
4b1d7116f2a2430ac111d127c3236393,1297021a995108d2,root,mobilenet-6bc7d9b854-q8774,mobilenet,1685439849676179619,1685439849891927726,215748
4b1d7116f2a2430ac111d127c3236393,031e5d286b63d8e9,1297021a995108d2,mobilenet-6bc7d9b854-q8774,resizeXimg,1685439849749865287,1685439849891882548,142017
0bdb5ef04857a82bfb1d4dfc42268253,d7ef64a08817c1f7,root,mobilenet-6bc7d9b854-q8774,mobilenet,1685439847532138621,1685439847815083786,282945
0bdb5ef04857a82bfb1d4dfc42268253,87e8deb73e9132ac,d7ef64a08817c1f7,mobilenet-6bc7d9b854-q8774,resizeXimg,1685439847637006599,1685439847815043629,178037
938d986c57e6f6ccab985ae668eda70d,b6ab6f71835fe2c4,root,mobilenet-6bc7d9b854-q8774,mobilenet,1685439853392654174,1685439853678790900,286136
938d986c57e6f6ccab985ae668eda70d,d619d426962684f2,b6ab6f71835fe2c4,mobilenet-6bc7d9b854-q8774,resizeXimg,1685439853458995177,1685439853678747595,219752
193b3a01abe079211676c8971c9f2092,b16c370649b0d760,root,mobilenet-6bc7d9b854-q8774,mobilenet,1685439841140420843,1685439841598413691,457992
193b3a01abe079211676c8971c9f2092,5b614a74a672a57e,b16c370649b0d760,mobilenet-6bc7d9b854-q8774,resizeXimg,1685439841414347114,1685439841598366892,184019
5f92a4746007fcc5567e3c938f0a643a,87ac2c29d2596b76,root,mobilenet-6bc7d9b854-q8774,mobilenet,1685439858444571469,1685439858655695743,211124
5f92a4746007fcc5567e3c938f0a643a,eee27f13bd18e557,87ac2c29d2596b76,mobilenet-6bc7d9b854-q8774,resizeXimg,1685439858506178273,1685439858655653838,149475
2271ff246a18a2c7e9e6b2d9229a6600,50745fd6b5f746b5,root,mobilenet-6bc7d9b854-q8774,mobilenet,1685439859191658657,1685439859457197660,265539
2271ff246a18a2c7e9e6b2d9229a6600,cf7708a8d422fef4,50745fd6b5f746b5,mobilenet-6bc7d9b854-q8774,resizeXimg,1685439859269562547,1685439859457153856,187591
16dc346b22a3775cebac7823d51086bd,9667b4354a8b5baf,root,mobilenet-6bc7d9b854-q8774,mobilenet,1685439855884197244,1685439856171132930,286935
16dc346b22a3775cebac7823d51086bd,f78445a8915e9504,9667b4354a8b5baf,mobilenet-6bc7d9b854-q8774,resizeXimg,1685439855940899000,1685439856171086977,230187
e59ffe435363b08185b5cd6965df72cd,636bd86cb7c9cb85,root,mobilenet-6bc7d9b854-q8774,mobilenet,1685439853447986693,1685439853789169207,341182
e59ffe435363b08185b5cd6965df72cd,5b69e7569d5ebda8,636bd86cb7c9cb85,mobilenet-6bc7d9b854-q8774,resizeXimg,1685439853551234175,1685439853789125769,237891
7ad4237246672f90cbacaefb101915f0,0d44ecaadf4f2fed,root,mobilenet-6bc7d9b854-q8774,mobilenet,1685439857096070007,1685439857360131936,264061
7ad4237246672f90cbacaefb101915f0,c2b6d5d8160cb1a7,0d44ecaadf4f2fed,mobilenet-6bc7d9b854-q8774,resizeXimg,1685439857185457764,1685439857360088592,174630
2ac6c3fc1e68f7457ac262d15e18b32a,326b74bb2c05c247,root,mobilenet-6bc7d9b854-q8774,mobilenet,1685439853123241809,1685439853334808926,211567
2ac6c3fc1e68f7457ac262d15e18b32a,6e800b54689de492,326b74bb2c05c247,mobilenet-6bc7d9b854-q8774,resizeXimg,1685439853183247443,1685439853334762738,151515
65926bca0a878264acebbf5365eb08aa,8c0343c705c25dcb,root,mobilenet-6bc7d9b854-q8774,mobilenet,1685439859651515330,1685439859893241062,241725
65926bca0a878264acebbf5365eb08aa,93f1d8a29e19b5dd,8c0343c705c25dcb,mobilenet-6bc7d9b854-q8774,resizeXimg,1685439859706802394,1685439859893194032,186391
2517baf4d09d4abd74d463f7babed7b4,550c0d3c1b630226,root,mobilenet-6bc7d9b854-q8774,mobilenet,1685439854559130154,1685439854803140072,244009
2517baf4d09d4abd74d463f7babed7b4,8d2751da53354253,550c0d3c1b630226,mobilenet-6bc7d9b854-q8774,resizeXimg,1685439854619708855,1685439854803097944,183389
ec6c2d51c7b9b171fc4e005494c0d445,d288895542992c11,root,mobilenet-6bc7d9b854-q8774,mobilenet,1685439857435699829,1685439857602952726,167252
ec6c2d51c7b9b171fc4e005494c0d445,53783392720e9ad7,d288895542992c11,mobilenet-6bc7d9b854-q8774,resizeXimg,1685439857492530316,1685439857602911129,110380
438ba922406150741cc80fbeb6bcc274,e57b366ecc16d1d0,root,mobilenet-6bc7d9b854-q8774,mobilenet,1685439852302861855,1685439852637147163,334285
438ba922406150741cc80fbeb6bcc274,79e178546dc1ca1f,e57b366ecc16d1d0,mobilenet-6bc7d9b854-q8774,resizeXimg,1685439852370950161,1685439852637102340,266152
73002455c9824ddbeb1378c246c351ca,d04bc0332158b827,root,mobilenet-6bc7d9b854-q8774,mobilenet,1685439857024174802,1685439857292304149,268129
73002455c9824ddbeb1378c246c351ca,4c092c75a8a43129,d04bc0332158b827,mobilenet-6bc7d9b854-q8774,resizeXimg,1685439857093733685,1685439857292258982,198525
a6a0d5a03670e9349e6da7eb5218b1e6,f76a813b9d2f4b82,root,mobilenet-6bc7d9b854-q8774,mobilenet,1685439857560759627,1685439857756937550,196177
a6a0d5a03670e9349e6da7eb5218b1e6,896274e8c961c6e6,f76a813b9d2f4b82,mobilenet-6bc7d9b854-q8774,resizeXimg,1685439857640861626,1685439857756892403,116030
de60318c284c4ef6151d81e6d58670b0,1ddd4ccd2f249771,root,mobilenet-6bc7d9b854-q8774,mobilenet,1685439854793999543,1685439855045153273,251153
de60318c284c4ef6151d81e6d58670b0,40b1253818e6ec79,1ddd4ccd2f249771,mobilenet-6bc7d9b854-q8774,resizeXimg,1685439854859992687,1685439855045111308,185118
92d6f885d32416c8bcf6a89bda3bb4aa,82abe41e46c18ff8,root,mobilenet-6bc7d9b854-q8774,mobilenet,1685439840652560139,1685439840925936310,273376
92d6f885d32416c8bcf6a89bda3bb4aa,54b600e783a223c2,82abe41e46c18ff8,mobilenet-6bc7d9b854-q8774,resizeXimg,1685439840719039684,1685439840925891841,206852
b98031314a175cbcd597dfdc092c8bd4,93083f117a4b03ba,root,mobilenet-6bc7d9b854-q8774,mobilenet,1685439855946452378,1685439856144890035,198437
b98031314a175cbcd597dfdc092c8bd4,a28158b41e19f638,93083f117a4b03ba,mobilenet-6bc7d9b854-q8774,resizeXimg,1685439856014843219,1685439856144845004,130001
30eb6819838b0e856376df7f8e7cc1d1,21b0ad59fe0d681b,root,mobilenet-6bc7d9b854-q8774,mobilenet,1685439858995121584,1685439859215147339,220025
30eb6819838b0e856376df7f8e7cc1d1,e7ed74febf771bab,21b0ad59fe0d681b,mobilenet-6bc7d9b854-q8774,resizeXimg,1685439859055413891,1685439859215102616,159688
9736393f0261d3c1bb1f6de87c528fea,84f584f139e19a4f,root,mobilenet-6bc7d9b854-q8774,mobilenet,1685439840707692377,1685439840902930108,195237
9736393f0261d3c1bb1f6de87c528fea,e04914fa08187ddd,84f584f139e19a4f,mobilenet-6bc7d9b854-q8774,resizeXimg,1685439840782872028,1685439840902885191,120013
96f8ce68b59827ef2d9d4ae5d8067681,de9c084b36480415,root,mobilenet-6bc7d9b854-q8774,mobilenet,1685439853872895230,1685439854111420898,238525
96f8ce68b59827ef2d9d4ae5d8067681,9fda689e13e84e13,de9c084b36480415,mobilenet-6bc7d9b854-q8774,resizeXimg,1685439853935189959,1685439854111375472,176185
ca32b8de2b8a04598d7a14c1161e0266,37830078bbdb4c2c,root,mobilenet-6bc7d9b854-q8774,mobilenet,1685439851332753443,1685439851586421523,253668
ca32b8de2b8a04598d7a14c1161e0266,4d059c92aaba2a89,37830078bbdb4c2c,mobilenet-6bc7d9b854-q8774,resizeXimg,1685439851399352175,1685439851586376218,187024
d20e30725c9d5ff9405692410f48dfe0,f394bc367aa4dbde,root,mobilenet-6bc7d9b854-q8774,mobilenet,1685439867015620294,1685439867207550244,191929
d20e30725c9d5ff9405692410f48dfe0,486da8d8f469c500,f394bc367aa4dbde,mobilenet-6bc7d9b854-q8774,resizeXimg,1685439867074315891,1685439867207505934,133190
7366d487694abd20204ffff552bf98ef,1ec46da179800c09,root,mobilenet-6bc7d9b854-q8774,mobilenet,1685439863364288929,1685439863625078705,260789
7366d487694abd20204ffff552bf98ef,4ee8aebb3e00067f,1ec46da179800c09,mobilenet-6bc7d9b854-q8774,resizeXimg,1685439863457027100,1685439863625032969,168005
5c0e6f8d7422972e4f3527384200d992,a4f97d8928268930,root,mobilenet-6bc7d9b854-q8774,mobilenet,1685439851632187817,1685439851823091918,190904
5c0e6f8d7422972e4f3527384200d992,34bbe4bdc3009bc3,a4f97d8928268930,mobilenet-6bc7d9b854-q8774,resizeXimg,1685439851688829291,1685439851823049235,134219
5c760da716018dd9d4cfb3e9218491a4,8818de04c7bb82d7,root,mobilenet-6bc7d9b854-q8774,mobilenet,1685439864007370830,1685439864239772150,232401
5c760da716018dd9d4cfb3e9218491a4,d28711546dc5cb61,8818de04c7bb82d7,mobilenet-6bc7d9b854-q8774,resizeXimg,1685439864069631195,1685439864239729714,170098
97c1aac6b4f8d21de8a0ab604fb3487e,676503c9c72e6582,root,mobilenet-6bc7d9b854-q8774,mobilenet,1685439868286446769,1685439868429612936,143166
97c1aac6b4f8d21de8a0ab604fb3487e,d883415f17d5f92e,676503c9c72e6582,mobilenet-6bc7d9b854-q8774,resizeXimg,1685439868342978529,1685439868429570148,86591
e7bd062c85546582aedbd537f18e8fa6,44ba152d9fe72818,root,mobilenet-6bc7d9b854-q8774,mobilenet,1685439869074011168,1685439869230351158,156339
e7bd062c85546582aedbd537f18e8fa6,61c2b18b3b3a1169,44ba152d9fe72818,mobilenet-6bc7d9b854-q8774,resizeXimg,1685439869136531328,1685439869230307210,93775
a82f01bcdffa5ca91b22d4ab5c75c278,f9eac74a8df7a8b2,root,mobilenet-6bc7d9b854-q8774,mobilenet,1685439864811944862,1685439865052085341,240140
a82f01bcdffa5ca91b22d4ab5c75c278,21446beba89ab6c0,f9eac74a8df7a8b2,mobilenet-6bc7d9b854-q8774,resizeXimg,1685439864881402800,1685439865052040203,170637
13a0895fb6e9756b68fbacd8daac1d3e,813939c698be5377,root,mobilenet-6bc7d9b854-q8774,mobilenet,1685439862863885209,1685439863082728498,218843
13a0895fb6e9756b68fbacd8daac1d3e,b6e729b774f120a9,813939c698be5377,mobilenet-6bc7d9b854-q8774,resizeXimg,1685439862922142257,1685439863082685898,160543
d0e03c679de1fd6ce98addeef202058a,c7e502359e6b94a9,root,mobilenet-6bc7d9b854-q8774,mobilenet,1685439864844405722,1685439865005775541,161369
d0e03c679de1fd6ce98addeef202058a,0a8f2fd19f61a664,c7e502359e6b94a9,mobilenet-6bc7d9b854-q8774,resizeXimg,1685439864918259952,1685439865005701645,87441
2c768faaddd5553d3def9693255f38ef,c1c5544ddfa8cb7c,root,mobilenet-6bc7d9b854-q8774,mobilenet,1685439869854332538,1685439870159759061,305426
2c768faaddd5553d3def9693255f38ef,0b93d146c6970f5e,c1c5544ddfa8cb7c,mobilenet-6bc7d9b854-q8774,resizeXimg,1685439869932762870,1685439870159716382,226953
0882d422efd916e11c265ee8b671cff2,a88ec7b2e0875a64,root,mobilenet-6bc7d9b854-q8774,mobilenet,1685439866797459309,1685439867012223954,214764
0882d422efd916e11c265ee8b671cff2,edd02eedcc973608,a88ec7b2e0875a64,mobilenet-6bc7d9b854-q8774,resizeXimg,1685439866858979837,1685439867012169262,153189
a5b5218b071d8c6f01e7412dc05e9506,f1e68ac5c5cf5448,root,mobilenet-6bc7d9b854-q8774,mobilenet,1685439862055406871,1685439862430419203,375012
a5b5218b071d8c6f01e7412dc05e9506,0eb28c38bb60e5b6,f1e68ac5c5cf5448,mobilenet-6bc7d9b854-q8774,resizeXimg,1685439862114808777,1685439862430375356,315566
ef0f6d94ec6fb1a9dd23ee8a7fb414a2,722547ea87944b38,root,mobilenet-6bc7d9b854-q8774,mobilenet,1685439863312471052,1685439863530500562,218029
ef0f6d94ec6fb1a9dd23ee8a7fb414a2,9a4444d21042be25,722547ea87944b38,mobilenet-6bc7d9b854-q8774,resizeXimg,1685439863378913281,1685439863530436461,151523
5a8a9c602e7da89d0d602bdf09eb4dcb,c080325c71c2b7bd,root,mobilenet-6bc7d9b854-q8774,mobilenet,1685439868194146236,1685439868402488439,208342
5a8a9c602e7da89d0d602bdf09eb4dcb,cac09e00c804b5c5,c080325c71c2b7bd,mobilenet-6bc7d9b854-q8774,resizeXimg,1685439868253809104,1685439868402444908,148635
de032f34d391841825441aa61403675b,0b7972681e070eca,root,mobilenet-6bc7d9b854-q8774,mobilenet,1685439851035157384,1685439851273069414,237912
de032f34d391841825441aa61403675b,fb58c0078115a22d,0b7972681e070eca,mobilenet-6bc7d9b854-q8774,resizeXimg,1685439851094764691,1685439851273023450,178258
e38b214990a4c48e5b9d65756792a237,aaae1221f93886cd,root,mobilenet-6bc7d9b854-q8774,mobilenet,1685439865927495249,1685439866201179597,273684
e38b214990a4c48e5b9d65756792a237,78fa7866b6f1be90,aaae1221f93886cd,mobilenet-6bc7d9b854-q8774,resizeXimg,1685439866009102035,1685439866201134014,192031
a005801bef94e56cdacaee630097d077,92cd64c84d7fceec,root,mobilenet-6bc7d9b854-q8774,mobilenet,1685439866461200501,1685439866616485501,155285
a005801bef94e56cdacaee630097d077,3b84ada8ea1f9e29,92cd64c84d7fceec,mobilenet-6bc7d9b854-q8774,resizeXimg,1685439866531747654,1685439866616440479,84692
1ad5061f8148103b4f9cbc8bc86c5b93,81bce1605639d61b,root,mobilenet-6bc7d9b854-q8774,mobilenet,1685439868330902443,1685439868576729451,245827
1ad5061f8148103b4f9cbc8bc86c5b93,785803e72b4dd8f0,81bce1605639d61b,mobilenet-6bc7d9b854-q8774,resizeXimg,1685439868440058405,1685439868576687569,136629
36171570a323d9b389769f5a4f55a392,1c292ec2166a19f0,root,mobilenet-6bc7d9b854-q8774,mobilenet,1685439850379576923,1685439850582438486,202861
36171570a323d9b389769f5a4f55a392,9f999e3a8c0cff67,1c292ec2166a19f0,mobilenet-6bc7d9b854-q8774,resizeXimg,1685439850453805809,1685439850582395682,128589
d49635b857545ba09f6033b5a9135a11,8ed0a73433580107,root,mobilenet-6bc7d9b854-q8774,mobilenet,1685439872363802897,1685439872504134906,140332
d49635b857545ba09f6033b5a9135a11,546ad87498d4137a,8ed0a73433580107,mobilenet-6bc7d9b854-q8774,resizeXimg,1685439872420486501,1685439872504091738,83605
e38db2f0914badbc87da2694e1d26148,4456ace7f380da5c,root,mobilenet-6bc7d9b854-q8774,mobilenet,1685439872882786430,1685439873084933026,202146
e38db2f0914badbc87da2694e1d26148,ac9619ece399565b,4456ace7f380da5c,mobilenet-6bc7d9b854-q8774,resizeXimg,1685439872946340769,1685439873084884595,138543
cd951501ca4b43e9108cf18617b5aee3,6bd2af95f9c2e719,root,mobilenet-6bc7d9b854-q8774,mobilenet,1685439879227867576,1685439879470411656,242544
cd951501ca4b43e9108cf18617b5aee3,08945aea9c5f72fa,6bd2af95f9c2e719,mobilenet-6bc7d9b854-q8774,resizeXimg,1685439879287744481,1685439879470367623,182623
a4b227557a6e9614270f6889a0c57b4c,4ace6be9ece01988,root,mobilenet-6bc7d9b854-q8774,mobilenet,1685439873864222185,1685439874047282085,183059
a4b227557a6e9614270f6889a0c57b4c,380c4cf124e0fecf,4ace6be9ece01988,mobilenet-6bc7d9b854-q8774,resizeXimg,1685439873939143838,1685439874047238341,108094
032b5dff0971fb1972ffdd758a0b6131,65cb809bdcd32f02,root,mobilenet-6bc7d9b854-q8774,mobilenet,1685439876242294688,1685439876493149804,250855
032b5dff0971fb1972ffdd758a0b6131,760dba20b48baa8d,65cb809bdcd32f02,mobilenet-6bc7d9b854-q8774,resizeXimg,1685439876304849872,1685439876493105497,188255
81fd0d7f12080d21ed78d0d26e63ce17,fbac09b29701fd3a,root,mobilenet-6bc7d9b854-q8774,mobilenet,1685439873560215448,1685439873817148466,256933
81fd0d7f12080d21ed78d0d26e63ce17,c370d2499a1c5b87,fbac09b29701fd3a,mobilenet-6bc7d9b854-q8774,resizeXimg,1685439873629906233,1685439873817101304,187195
0f0cbd7f3fae4767c4293a5472d7817e,1eb9f85a081e8b31,root,mobilenet-6bc7d9b854-q8774,mobilenet,1685439873815816852,1685439874071906345,256089
0f0cbd7f3fae4767c4293a5472d7817e,c6d439d9d56cf3cc,1eb9f85a081e8b31,mobilenet-6bc7d9b854-q8774,resizeXimg,1685439873891379152,1685439874071864498,180485
0740a83ae50102c72ae102b7ff162839,1d79754e2b80bf76,root,mobilenet-6bc7d9b854-q8774,mobilenet,1685439878282989515,1685439878497852284,214862
0740a83ae50102c72ae102b7ff162839,916c080b4b69a316,1d79754e2b80bf76,mobilenet-6bc7d9b854-q8774,resizeXimg,1685439878343186088,1685439878497806807,154620
97c08c9ec23bc4a2457cf5c193e409ac,9e999ed66642a30c,root,mobilenet-6bc7d9b854-q8774,mobilenet,1685439860581335921,1685439860803578721,222242
97c08c9ec23bc4a2457cf5c193e409ac,11bff1e3b4656810,9e999ed66642a30c,mobilenet-6bc7d9b854-q8774,resizeXimg,1685439860663513992,1685439860803532642,140018
4c4315294b3072c19464a5e7f3ce7ba9,987366cb308bb075,root,mobilenet-6bc7d9b854-q8774,mobilenet,1685439860826452447,1685439861028091793,201639
4c4315294b3072c19464a5e7f3ce7ba9,d829fe26c98c5705,987366cb308bb075,mobilenet-6bc7d9b854-q8774,resizeXimg,1685439860915859700,1685439861028046956,112187
b3284aec5f13fd0a4b3feb3d9ba1bb95,325e60e34b1ab371,root,mobilenet-6bc7d9b854-q8774,mobilenet,1685439860728168134,1685439860897421032,169252
b3284aec5f13fd0a4b3feb3d9ba1bb95,424cf169123f813d,325e60e34b1ab371,mobilenet-6bc7d9b854-q8774,resizeXimg,1685439860799314014,1685439860897379750,98065
7489b4de1c2fb6bd393db126acf7aeb7,a4b7ca40ca8259bb,root,mobilenet-6bc7d9b854-q8774,mobilenet,1685439879790521871,1685439880019779980,229258
7489b4de1c2fb6bd393db126acf7aeb7,f8ca8ba3bf68bb43,a4b7ca40ca8259bb,mobilenet-6bc7d9b854-q8774,resizeXimg,1685439879845084052,1685439880019733689,174649
2f6193e66d7dafc8f763a7609fbfbe30,baa1c3263ecabaab,root,mobilenet-6bc7d9b854-q8774,mobilenet,1685439874416797928,1685439874577468039,160670
2f6193e66d7dafc8f763a7609fbfbe30,bdf084b893601111,baa1c3263ecabaab,mobilenet-6bc7d9b854-q8774,resizeXimg,1685439874488956103,1685439874577424176,88468
b44cd4e2d28dffb3291b7c666e693df3,0b7ed709c69bbeaf,root,mobilenet-6bc7d9b854-q8774,mobilenet,1685439875819224140,1685439876027122385,207898
b44cd4e2d28dffb3291b7c666e693df3,faac97a5fbcf84b5,0b7ed709c69bbeaf,mobilenet-6bc7d9b854-q8774,resizeXimg,1685439875884287584,1685439876027079753,142792
49e8fb354685c09007a251bc7bbd19dc,5c647f359c464332,root,mobilenet-6bc7d9b854-q8774,mobilenet,1685439877374633368,1685439877595130667,220497
49e8fb354685c09007a251bc7bbd19dc,e09a134e6fad283a,5c647f359c464332,mobilenet-6bc7d9b854-q8774,resizeXimg,1685439877428699322,1685439877595086031,166386
6205badec16ad49b6fe42b23f7f12259,05e24d3be828072e,root,mobilenet-6bc7d9b854-q8774,mobilenet,1685439879395781409,1685439879555881815,160100
6205badec16ad49b6fe42b23f7f12259,cc06de3b788fca70,05e24d3be828072e,mobilenet-6bc7d9b854-q8774,resizeXimg,1685439879467369720,1685439879555839453,88469
5776952fbdeb93f6ac54acb1a70a5e62,0aeec39c83d76886,root,mobilenet-6bc7d9b854-q8774,mobilenet,1685439862079325262,1685439862394767667,315442
5776952fbdeb93f6ac54acb1a70a5e62,983bf7cca2f08878,0aeec39c83d76886,mobilenet-6bc7d9b854-q8774,resizeXimg,1685439862163989666,1685439862394722223,230732
b5b401f1a8d3999a1b0c07ab15dbd568,24fbe4ad9814a282,root,mobilenet-6bc7d9b854-q8774,mobilenet,1685439877359226558,1685439877522816892,163590
b5b401f1a8d3999a1b0c07ab15dbd568,66205c66a98862f6,24fbe4ad9814a282,mobilenet-6bc7d9b854-q8774,resizeXimg,1685439877420347794,1685439877522773023,102425
68695874e959bdf13b5e2c6da68e15a8,cded021b03271896,root,mobilenet-6bc7d9b854-q8774,mobilenet,1685439876757956971,1685439876903536586,145579
68695874e959bdf13b5e2c6da68e15a8,3683b691688e7dc3,cded021b03271896,mobilenet-6bc7d9b854-q8774,resizeXimg,1685439876817606186,1685439876903492574,85886
43e3153230af8e16d2b35933fda3a094,ca1c68dc79907a62,root,mobilenet-6bc7d9b854-q8774,mobilenet,1685439878564402366,1685439878774688965,210286
43e3153230af8e16d2b35933fda3a094,45be8853a1b08a20,ca1c68dc79907a62,mobilenet-6bc7d9b854-q8774,resizeXimg,1685439878626373041,1685439878774644840,148271
af0c20f9addcc12da08260e6b5a4e448,870ea54eab90bcda,root,mobilenet-6bc7d9b854-q8774,mobilenet,1685439886819373000,1685439887094403209,275030
af0c20f9addcc12da08260e6b5a4e448,a9a0da4dd2cff305,870ea54eab90bcda,mobilenet-6bc7d9b854-q8774,resizeXimg,1685439886882243410,1685439887094356710,212113
847aa71e2fec099fb97fb0f53101591b,89bf318d94ee073a,root,mobilenet-6bc7d9b854-q8774,mobilenet,1685439882839575210,1685439883036015979,196440
847aa71e2fec099fb97fb0f53101591b,262b465b730d2947,89bf318d94ee073a,mobilenet-6bc7d9b854-q8774,resizeXimg,1685439882911366651,1685439883035971883,124605
d0b7931aede064f35f367ea9a6fc7153,6be7a1b53e6760bc,root,mobilenet-6bc7d9b854-q8774,mobilenet,1685439884227252384,1685439884522949876,295697
d0b7931aede064f35f367ea9a6fc7153,ff2c30a3daa9c029,6be7a1b53e6760bc,mobilenet-6bc7d9b854-q8774,resizeXimg,1685439884311486620,1685439884522904719,211418
902590562f8b19c2c4da7ef1b4f2fa05,327c45ec84f54fb7,root,mobilenet-6bc7d9b854-q8774,mobilenet,1685439884935373120,1685439885190427412,255054
902590562f8b19c2c4da7ef1b4f2fa05,98eb17dd7b8082df,327c45ec84f54fb7,mobilenet-6bc7d9b854-q8774,resizeXimg,1685439885003881988,1685439885190381723,186499
2d4efef80536df43e2531f8b70883cbb,c8a9ca681f304992,root,mobilenet-6bc7d9b854-q8774,mobilenet,1685439886843375935,1685439886989843328,146467
2d4efef80536df43e2531f8b70883cbb,5e55d7477e832db5,c8a9ca681f304992,mobilenet-6bc7d9b854-q8774,resizeXimg,1685439886896286101,1685439886989800204,93514
c5d7df43c54a1b50841afea1155793af,a5ea7cb70c58db95,root,mobilenet-6bc7d9b854-q8774,mobilenet,1685439870243942932,1685439870577133300,333190
c5d7df43c54a1b50841afea1155793af,a953524df96df933,a5ea7cb70c58db95,mobilenet-6bc7d9b854-q8774,resizeXimg,1685439870365043317,1685439870577088122,212044
151a8f0329208c41a9de7eb45567a9ca,5c1e12af50c99efc,root,mobilenet-6bc7d9b854-q8774,mobilenet,1685439888399542931,1685439888543224706,143681
151a8f0329208c41a9de7eb45567a9ca,7e18e8ea5c32b1db,5c1e12af50c99efc,mobilenet-6bc7d9b854-q8774,resizeXimg,1685439888456227959,1685439888543180769,86952
d808a4ddaf9f827138039d2622eb6f1d,8db9fd656e83e319,root,mobilenet-6bc7d9b854-q8774,mobilenet,1685439871072579418,1685439871265189187,192609
d808a4ddaf9f827138039d2622eb6f1d,f9c9990a7321f790,8db9fd656e83e319,mobilenet-6bc7d9b854-q8774,resizeXimg,1685439871160050187,1685439871265145721,105095
e0c4a2b009780bd3ba422ce0f9ff9437,8af903c06318fd5f,root,mobilenet-6bc7d9b854-q8774,mobilenet,1685439888928050731,1685439889199830759,271780
e0c4a2b009780bd3ba422ce0f9ff9437,75ea0fa7167f764f,8af903c06318fd5f,mobilenet-6bc7d9b854-q8774,resizeXimg,1685439888983716804,1685439889199786330,216069
78a05c71026ae85ea46f5682041b2e37,9c8da339d968421b,root,mobilenet-6bc7d9b854-q8774,mobilenet,1685439884311452219,1685439884630480283,319028
78a05c71026ae85ea46f5682041b2e37,c389124b55932e04,9c8da339d968421b,mobilenet-6bc7d9b854-q8774,resizeXimg,1685439884395059630,1685439884630436295,235376
d741d75cbe4cf32943668169c914b04e,53f5e21d4f25c643,root,mobilenet-6bc7d9b854-q8774,mobilenet,1685439886044178712,1685439886290439794,246261
d741d75cbe4cf32943668169c914b04e,a17f2f513cfa0476,53f5e21d4f25c643,mobilenet-6bc7d9b854-q8774,resizeXimg,1685439886108173397,1685439886290394676,182221
ad3422550074100a5bf197ae8537326d,b4b245012443cc87,root,mobilenet-6bc7d9b854-q8774,mobilenet,1685439889431316076,1685439889681185889,249869
ad3422550074100a5bf197ae8537326d,b7154cd74cbba0b6,b4b245012443cc87,mobilenet-6bc7d9b854-q8774,resizeXimg,1685439889493977397,1685439889681141633,187164
f4507e20e5bd1777808c8d8afc9aa8e9,dc581a60c6ff395d,root,mobilenet-6bc7d9b854-q8774,mobilenet,1685439887895485339,1685439888187277090,291791
f4507e20e5bd1777808c8d8afc9aa8e9,758fa163d8f7b022,dc581a60c6ff395d,mobilenet-6bc7d9b854-q8774,resizeXimg,1685439887966874314,1685439888187228682,220354
e67bae58ab679eaa2b13276210f10aa9,63e82a66dd984efb,root,mobilenet-6bc7d9b854-q8774,mobilenet,1685439887931065945,1685439888175553997,244488
e67bae58ab679eaa2b13276210f10aa9,d63ca5f7ece45783,63e82a66dd984efb,mobilenet-6bc7d9b854-q8774,resizeXimg,1685439888010660278,1685439888175510206,164849
9144083be512d2d07d827e5641339d5b,93a916af7c7f0782,root,mobilenet-6bc7d9b854-q8774,mobilenet,1685439883229695207,1685439883532074365,302379
9144083be512d2d07d827e5641339d5b,e7eedaa7a117b2a7,93a916af7c7f0782,mobilenet-6bc7d9b854-q8774,resizeXimg,1685439883291655434,1685439883532032587,240377
2599cdaaee3c292e3e0420b896db5603,c76e91a3472ddf27,root,mobilenet-6bc7d9b854-q8774,mobilenet,1685439883279185187,1685439883445243745,166058
2599cdaaee3c292e3e0420b896db5603,b80f3c4b29b72822,c76e91a3472ddf27,mobilenet-6bc7d9b854-q8774,resizeXimg,1685439883346460551,1685439883445200543,98739
8c26ddfc139aeeccf1c53bbad1cc77e5,0d89f6ac743bc5c7,root,mobilenet-6bc7d9b854-q8774,mobilenet,1685439871282277170,1685439871479126594,196849
8c26ddfc139aeeccf1c53bbad1cc77e5,161851304e37114d,0d89f6ac743bc5c7,mobilenet-6bc7d9b854-q8774,resizeXimg,1685439871342156493,1685439871479082701,136926
c93f9d3ac97b30a80aeb9b3c2cd2f002,873cb77077d3e711,root,mobilenet-6bc7d9b854-q8774,mobilenet,1685439870911610942,1685439871107834805,196223
c93f9d3ac97b30a80aeb9b3c2cd2f002,e28c63a38ff96810,873cb77077d3e711,mobilenet-6bc7d9b854-q8774,resizeXimg,1685439870969369277,1685439871107791387,138422
28fba139a9ecbd9cc42b1857d653c3f9,2ce900922425fbe0,root,mobilenet-6bc7d9b854-q8774,mobilenet,1685439886179229824,1685439886418677022,239447
28fba139a9ecbd9cc42b1857d653c3f9,7894e97713487638,2ce900922425fbe0,mobilenet-6bc7d9b854-q8774,resizeXimg,1685439886268979683,1685439886418631783,149652
0677b489e138d0b25164961ea8e207d7,b65415376ccb7582,root,mobilenet-6bc7d9b854-q8774,mobilenet,1685439885562480274,1685439885717615845,155135
0677b489e138d0b25164961ea8e207d7,de757f82824dd7a1,b65415376ccb7582,mobilenet-6bc7d9b854-q8774,resizeXimg,1685439885626753835,1685439885717572448,90818
7e8e07972706c8c6bb3d9085fb577f5a,9018821e67948342,root,mobilenet-6bc7d9b854-q8774,mobilenet,1685439895056835354,1685439895284295894,227460
7e8e07972706c8c6bb3d9085fb577f5a,b327798e0325d71c,9018821e67948342,mobilenet-6bc7d9b854-q8774,resizeXimg,1685439895141948241,1685439895284251732,142303
a637002664923901d08e062715e82e6d,7e600a5ed7f96d99,root,mobilenet-6bc7d9b854-q8774,mobilenet,1685439880839580524,1685439880982655179,143074
a637002664923901d08e062715e82e6d,093d9e4792b359db,7e600a5ed7f96d99,mobilenet-6bc7d9b854-q8774,resizeXimg,1685439880897931132,1685439880982612593,84681
5b230068cefdc9c77c4ce445e8010b20,430cf5385b380550,root,mobilenet-6bc7d9b854-q8774,mobilenet,1685439897732997223,1685439897951274289,218277
5b230068cefdc9c77c4ce445e8010b20,c93a8dbcaf4a1c3b,430cf5385b380550,mobilenet-6bc7d9b854-q8774,resizeXimg,1685439897788262349,1685439897951226815,162964
2ce380176eba7b629f26d6dfe2616b1a,c1455a39df1b23e2,root,mobilenet-6bc7d9b854-q8774,mobilenet,1685439881063632835,1685439881349185946,285553
2ce380176eba7b629f26d6dfe2616b1a,6bde99e656337bcb,c1455a39df1b23e2,mobilenet-6bc7d9b854-q8774,resizeXimg,1685439881150156869,1685439881349140033,198983
3fa3e8a3ecd8ee93cb3e64e9ca1d080e,0640a6c2fdee894d,root,mobilenet-6bc7d9b854-q8774,mobilenet,1685439897199648082,1685439897412122417,212474
3fa3e8a3ecd8ee93cb3e64e9ca1d080e,06e39b651917dfe8,0640a6c2fdee894d,mobilenet-6bc7d9b854-q8774,resizeXimg,1685439897266484434,1685439897412072392,145587
f98f491ceec5b6f2930294211173ea48,a9be4843f62b7c6a,root,mobilenet-6bc7d9b854-q8774,mobilenet,1685439897808395838,1685439897975691189,167295
f98f491ceec5b6f2930294211173ea48,3522a62d7c883252,a9be4843f62b7c6a,mobilenet-6bc7d9b854-q8774,resizeXimg,1685439897876138615,1685439897975645752,99507
caf67f0e8a8dc6f8c6e32289a5592c27,8050a31bd50f1a2d,root,mobilenet-6bc7d9b854-q8774,mobilenet,1685439894799848605,1685439895035826187,235977
caf67f0e8a8dc6f8c6e32289a5592c27,780d16e36c1c1c4f,8050a31bd50f1a2d,mobilenet-6bc7d9b854-q8774,resizeXimg,1685439894857040195,1685439895035777424,178737
90c013f96b402b88935834ec70ce6ddc,7f44fea452f00445,root,mobilenet-6bc7d9b854-q8774,mobilenet,1685439892665427633,1685439892875829671,210402
90c013f96b402b88935834ec70ce6ddc,adf58ff4b5bc6fd7,7f44fea452f00445,mobilenet-6bc7d9b854-q8774,resizeXimg,1685439892739993932,1685439892875783515,135789
863b8a487454cdb1cdb15a1b834fde3f,a3f44d23173e9f35,root,mobilenet-6bc7d9b854-q8774,mobilenet,1685439892984103691,1685439893126583907,142480
863b8a487454cdb1cdb15a1b834fde3f,c8cd6493e0e67115,a3f44d23173e9f35,mobilenet-6bc7d9b854-q8774,resizeXimg,1685439893043735819,1685439893126543290,82807
4afdcff52b995ed1acf8df26f801441f,6a4523623d67579b,root,mobilenet-6bc7d9b854-q8774,mobilenet,1685439896731179749,1685439896972092750,240913
4afdcff52b995ed1acf8df26f801441f,80aed19d9c1f602c,6a4523623d67579b,mobilenet-6bc7d9b854-q8774,resizeXimg,1685439896788956218,1685439896972049011,183092
30c9e26ead5d40f009a47027e9d1869b,fea372cba40fcb7a,root,mobilenet-6bc7d9b854-q8774,mobilenet,1685439895417510154,1685439895694852890,277342
30c9e26ead5d40f009a47027e9d1869b,aff0910040d13c33,fea372cba40fcb7a,mobilenet-6bc7d9b854-q8774,resizeXimg,1685439895487860356,1685439895694808425,206948
f72e6b3ec7fe822f0453a7dcc3031b04,d6406a8fd542d769,root,mobilenet-6bc7d9b854-q8774,mobilenet,1685439895995715795,1685439896208990071,213274
f72e6b3ec7fe822f0453a7dcc3031b04,844ad77edcd3bb83,d6406a8fd542d769,mobilenet-6bc7d9b854-q8774,resizeXimg,1685439896057453468,1685439896208930650,151477
e852fce6d2a338e6fea0c376774b96f0,fde146d0120e9778,root,mobilenet-6bc7d9b854-q8774,mobilenet,1685439893211853734,1685439893419589344,207735
e852fce6d2a338e6fea0c376774b96f0,2285baef9be436dc,fde146d0120e9778,mobilenet-6bc7d9b854-q8774,resizeXimg,1685439893276222583,1685439893419543715,143321
7d8bc7aa05f21077d1c088087390496d,4337321d6d8b297a,root,mobilenet-6bc7d9b854-q8774,mobilenet,1685439898568599659,1685439898817159830,248560
7d8bc7aa05f21077d1c088087390496d,6a59a25fa696a378,4337321d6d8b297a,mobilenet-6bc7d9b854-q8774,resizeXimg,1685439898627988857,1685439898817115292,189126
a2edd263f74205c59df9a664e22ee229,6c5a1e98b5a49d1c,root,mobilenet-6bc7d9b854-q8774,mobilenet,1685439893523553969,1685439893901097890,377543
a2edd263f74205c59df9a664e22ee229,bc762baf0bd76f95,6c5a1e98b5a49d1c,mobilenet-6bc7d9b854-q8774,resizeXimg,1685439893797559388,1685439893901053823,103494
a9ee0238ccc87a10767ec2eaefda62a0,ab8b878f59106745,root,mobilenet-6bc7d9b854-q8774,mobilenet,1685439881000879101,1685439881233362322,232483
a9ee0238ccc87a10767ec2eaefda62a0,0e39f2c626bd5db2,ab8b878f59106745,mobilenet-6bc7d9b854-q8774,resizeXimg,1685439881068452972,1685439881233318662,164865
cd510240a43b60255f008bc60911ef9d,1c8478ccea28a5ab,root,mobilenet-6bc7d9b854-q8774,mobilenet,1685439896314878573,1685439896624612091,309733
cd510240a43b60255f008bc60911ef9d,22b02bf9e2eb076b,1c8478ccea28a5ab,mobilenet-6bc7d9b854-q8774,resizeXimg,1685439896478599682,1685439896624560754,145961
da29cc905471a155917940f36548ea34,baa389d64fbda045,root,mobilenet-6bc7d9b854-q8774,mobilenet,1685439893637384132,1685439893908373347,270989
da29cc905471a155917940f36548ea34,ef8b4dfbd8b82022,baa389d64fbda045,mobilenet-6bc7d9b854-q8774,resizeXimg,1685439893697290399,1685439893908328602,211038
2525f6934c72da33431c8bca240a733d,eab9dc5e1827bc6e,root,mobilenet-6bc7d9b854-q8774,mobilenet,1685439899203243204,1685439899438414994,235171
2525f6934c72da33431c8bca240a733d,220a1cfc9bc9254c,eab9dc5e1827bc6e,mobilenet-6bc7d9b854-q8774,resizeXimg,1685439899256814444,1685439899438371834,181557
fec35507d3c7b97a09d260febe87e809,a29e241b0948d6df,root,mobilenet-6bc7d9b854-q8774,mobilenet,1685439894407975710,1685439894593027230,185051
fec35507d3c7b97a09d260febe87e809,a17c88894fe6d8e0,a29e241b0948d6df,mobilenet-6bc7d9b854-q8774,resizeXimg,1685439894468482889,1685439894592982090,124499
3d98280f3e24405f5a0fc133292aefaf,0f6dfcd85960a5f1,root,mobilenet-6bc7d9b854-q8774,mobilenet,1685439890627978897,1685439890859219511,231240
3d98280f3e24405f5a0fc133292aefaf,f9a4b3e19137d2cb,0f6dfcd85960a5f1,mobilenet-6bc7d9b854-q8774,resizeXimg,1685439890700614550,1685439890859175960,158561
11799ff08661cafb5c0e2ab0f51f2ae7,283480650ae98eb0,root,mobilenet-6bc7d9b854-q8774,mobilenet,1685439890019159781,1685439890282451186,263291
11799ff08661cafb5c0e2ab0f51f2ae7,63724b65e8508643,283480650ae98eb0,mobilenet-6bc7d9b854-q8774,resizeXimg,1685439890093962630,1685439890282402465,188439
dcf98972ee6899be5e9433900eca2b38,72b5d1cb2d280a8b,root,mobilenet-6bc7d9b854-q8774,mobilenet,1685439891732744798,1685439891880885044,148140
dcf98972ee6899be5e9433900eca2b38,63503ca13db6a94c,72b5d1cb2d280a8b,mobilenet-6bc7d9b854-q8774,resizeXimg,1685439891796499845,1685439891880839849,84340
4ea7f0a631263a96df30e195159f7deb,0bbefe7dee502e63,root,mobilenet-6bc7d9b854-q8774,mobilenet,1685439891151761114,1685439891327739920,175978
4ea7f0a631263a96df30e195159f7deb,302bc6404ef9f080,0bbefe7dee502e63,mobilenet-6bc7d9b854-q8774,resizeXimg,1685439891231233887,1685439891327688635,96454
a0d066dcae814614028a4ac0cb8049dd,cf24f8ad5c84ff5e,root,mobilenet-6bc7d9b854-q8774,mobilenet,1685439890665474904,1685439890806228868,140753
a0d066dcae814614028a4ac0cb8049dd,2f7d5d5aa2df69a4,cf24f8ad5c84ff5e,mobilenet-6bc7d9b854-q8774,resizeXimg,1685439890716621536,1685439890806181632,89560
