TraceID,SpanID,ParentID,PodName,OperationName,StartTimeUnixNano,EndTimeUnixNano,Duration
9513163f3461f392d848d1e8c14fca47,0490adf48e187ea4,root,mobilenet-6bc7d9b854-q8774,mobilenet,1685439788335625265,1685439788540569793,204944
9513163f3461f392d848d1e8c14fca47,7d151fb246885669,0490adf48e187ea4,mobilenet-6bc7d9b854-q8774,resizeXimg,1685439788446838799,1685439788540526007,93687
9928fc53d791daeb708e4214295b7384,49ace0f8c6a8d418,root,mobilenet-6bc7d9b854-q8774,mobilenet,1685439786261805536,1685439786517299386,255493
9928fc53d791daeb708e4214295b7384,700f397bd8edda61,49ace0f8c6a8d418,mobilenet-6bc7d9b854-q8774,resizeXimg,1685439786326770815,1685439786517257371,190486
c094ed1f9b3013b0d1fa54b3173d0ee9,0789606a1473c339,root,mobilenet-6bc7d9b854-q8774,mobilenet,1685439784791180103,1685439785000619140,209439
c094ed1f9b3013b0d1fa54b3173d0ee9,4768bbea50bedb82,0789606a1473c339,mobilenet-6bc7d9b854-q8774,resizeXimg,1685439784846157626,1685439785000573804,154416
ee9cefc19b57143b3f100e57f20327c2,eafcf9741c1c6055,root,mobilenet-6bc7d9b854-q8774,mobilenet,1685439788998235265,1685439789226934635,228699
ee9cefc19b57143b3f100e57f20327c2,717e4be0ec9834e4,eafcf9741c1c6055,mobilenet-6bc7d9b854-q8774,resizeXimg,1685439789054648901,1685439789226882334,172233
84d5cd9399d1c51f5a9932b8299795a2,a7ba2739f1e9806d,root,mobilenet-6bc7d9b854-q8774,mobilenet,1685439787364180492,1685439787616830258,252649
84d5cd9399d1c51f5a9932b8299795a2,81fab864eb4ecc02,a7ba2739f1e9806d,mobilenet-6bc7d9b854-q8774,resizeXimg,1685439787441613292,1685439787616786963,175173
69bf6ff43a6f7f1fc81eb0bbc6848476,e08baabccbc90299,root,mobilenet-6bc7d9b854-q8774,mobilenet,1685439789930692826,1685439790143338697,212645
69bf6ff43a6f7f1fc81eb0bbc6848476,c4dbab70360e5bd4,e08baabccbc90299,mobilenet-6bc7d9b854-q8774,resizeXimg,1685439789994797123,1685439790143269870,148472
9da763359c1b2009969c489f104d97b8,915b6d5c6197ec0d,root,mobilenet-6bc7d9b854-q8774,mobilenet,1685439784366410769,1685439784631589451,265178
9da763359c1b2009969c489f104d97b8,69508ba902902c23,915b6d5c6197ec0d,mobilenet-6bc7d9b854-q8774,resizeXimg,1685439784446723102,1685439784631547565,184824
b90c41ade34c3570d4b85ab7ed919df0,7fd94ad4340c88f3,root,mobilenet-6bc7d9b854-q8774,mobilenet,1685439783843144296,1685439784099531732,256387
b90c41ade34c3570d4b85ab7ed919df0,cbd8a2d1f9a3cb13,7fd94ad4340c88f3,mobilenet-6bc7d9b854-q8774,resizeXimg,1685439783912569687,1685439784099469899,186900
96522c31be14ee5e0a077a8eccc20d80,25a257687d46fa85,root,mobilenet-6bc7d9b854-q8774,mobilenet,1685439788252591234,1685439788399826602,147235
96522c31be14ee5e0a077a8eccc20d80,da159de2c720023d,25a257687d46fa85,mobilenet-6bc7d9b854-q8774,resizeXimg,1685439788314921989,1685439788399764041,84842
a177767440b1dbfb338a2eca31e35148,9fadbcc416d3ad84,root,mobilenet-6bc7d9b854-q8774,mobilenet,1685439783351702130,1685439783605151455,253449
a177767440b1dbfb338a2eca31e35148,2f27ec0796c0ea55,9fadbcc416d3ad84,mobilenet-6bc7d9b854-q8774,resizeXimg,1685439783419272317,1685439783605107199,185834
202496e8988762542f31fe786973b7ae,b0a761a9d65f9993,root,mobilenet-6bc7d9b854-q8774,mobilenet,1685439782280095425,1685439782502946955,222851
202496e8988762542f31fe786973b7ae,f689d566fcd9e46f,b0a761a9d65f9993,mobilenet-6bc7d9b854-q8774,resizeXimg,1685439782336244197,1685439782502899753,166655
e0834a92777ca6e4f844683eae41e02d,37910e2ca311ccee,root,mobilenet-6bc7d9b854-q8774,mobilenet,1685439785748741945,1685439785897106565,148364
e0834a92777ca6e4f844683eae41e02d,26a1930d1095e703,37910e2ca311ccee,mobilenet-6bc7d9b854-q8774,resizeXimg,1685439785805055477,1685439785897064991,92009
47087f6a5a76a232a9561bb9d04a7bee,d8eda0b7ed5d0a32,root,mobilenet-6bc7d9b854-q8774,mobilenet,1685439782523712269,1685439782700577989,176865
47087f6a5a76a232a9561bb9d04a7bee,55f14cbbdfd52752,d8eda0b7ed5d0a32,mobilenet-6bc7d9b854-q8774,resizeXimg,1685439782607704242,1685439782700535706,92831
c8a7413d5c0c28c437ae23724afbe34b,023cd18eb5e6609c,root,mobilenet-6bc7d9b854-q8774,mobilenet,1685439787307550431,1685439787568294066,260743
c8a7413d5c0c28c437ae23724afbe34b,25dac4692f2592a2,023cd18eb5e6609c,mobilenet-6bc7d9b854-q8774,resizeXimg,1685439787363349806,1685439787568248977,204899
ed13497712f0c39cfdd31c15ffb29acf,270271f7ed730d25,root,mobilenet-6bc7d9b854-q8774,mobilenet,1685439783063339661,1685439783289102560,225762
ed13497712f0c39cfdd31c15ffb29acf,3048d18e4c9fab8b,270271f7ed730d25,mobilenet-6bc7d9b854-q8774,resizeXimg,1685439783127525732,1685439783289056398,161530
ed402448348b8c27012ec8f5584e702d,a13a2f4bcfc4d986,root,mobilenet-6bc7d9b854-q8774,mobilenet,1685439781367197186,1685439781571508242,204311
ed402448348b8c27012ec8f5584e702d,cc44c4ae8c3adf65,a13a2f4bcfc4d986,mobilenet-6bc7d9b854-q8774,resizeXimg,1685439781436636030,1685439781571463500,134827
442018ccee99f9838aa316cc42432cde,69b50722ac863460,root,mobilenet-6bc7d9b854-q8774,mobilenet,1685439789459651459,1685439789667235404,207583
442018ccee99f9838aa316cc42432cde,2fb211fc3fc47d54,69b50722ac863460,mobilenet-6bc7d9b854-q8774,resizeXimg,1685439789528437639,1685439789667189517,138751
790d8e759bd1b495f1d61a9596a6d3ad,b1928e48424513e1,root,mobilenet-6bc7d9b854-q8774,mobilenet,1685439785868858190,1685439786118372056,249513
790d8e759bd1b495f1d61a9596a6d3ad,6c9837c3d28bc696,b1928e48424513e1,mobilenet-6bc7d9b854-q8774,resizeXimg,1685439785935048261,1685439786118328840,183280
29cc993ab86fa13102314184c072451c,98a12e12b7bf1cbe,root,mobilenet-6bc7d9b854-q8774,mobilenet,1685439788204279670,1685439788442401451,238121
29cc993ab86fa13102314184c072451c,bc0cc66fc97e5918,98a12e12b7bf1cbe,mobilenet-6bc7d9b854-q8774,resizeXimg,1685439788266649840,1685439788442356359,175706
d70a58ecf52b665f7bce9413048cd2a0,d463b1242d13440f,root,mobilenet-6bc7d9b854-q8774,mobilenet,1685439784363443828,1685439784591215340,227771
d70a58ecf52b665f7bce9413048cd2a0,6fc2478d90d6b07e,d463b1242d13440f,mobilenet-6bc7d9b854-q8774,resizeXimg,1685439784424325262,1685439784591170468,166845
624d8c004bb6df104e50dd9686e8eb7f,3af967dc9a5e75ca,root,mobilenet-6bc7d9b854-q8774,mobilenet,1685439795022481517,1685439795181842800,159361
624d8c004bb6df104e50dd9686e8eb7f,24aa34b0c568c4b2,3af967dc9a5e75ca,mobilenet-6bc7d9b854-q8774,resizeXimg,1685439795092085100,1685439795181798454,89713
dbc1891a87bf6664b61790de26b79301,40813629efa802c7,root,mobilenet-6bc7d9b854-q8774,mobilenet,1685439793559396797,1685439793790206216,230809
dbc1891a87bf6664b61790de26b79301,9cf2bf584700fdbc,40813629efa802c7,mobilenet-6bc7d9b854-q8774,resizeXimg,1685439793650743104,1685439793790160062,139416
4df06bbb2d20b3ddcd6bf8b3bed206c8,d2f0009192dfc6cf,root,mobilenet-6bc7d9b854-q8774,mobilenet,1685439797983542376,1685439798182042280,198499
4df06bbb2d20b3ddcd6bf8b3bed206c8,8c673c74072aaad5,d2f0009192dfc6cf,mobilenet-6bc7d9b854-q8774,resizeXimg,1685439798039716848,1685439798181997291,142280
02d98a3e3b88f00c562d75edb4317098,edbaba9335f7f79a,root,mobilenet-6bc7d9b854-q8774,mobilenet,1685439794949667702,1685439795241252443,291584
02d98a3e3b88f00c562d75edb4317098,53f7fd4a5a9e236d,edbaba9335f7f79a,mobilenet-6bc7d9b854-q8774,resizeXimg,1685439795011921125,1685439795241207360,229286
ecc5183c74351ac0799c7abdaba7186b,6b15b2a7dff32f61,root,mobilenet-6bc7d9b854-q8774,mobilenet,1685439793403398279,1685439793595642925,192244
ecc5183c74351ac0799c7abdaba7186b,9bb4e8fa9dc6b4b2,6b15b2a7dff32f61,mobilenet-6bc7d9b854-q8774,resizeXimg,1685439793458139036,1685439793595599356,137460
5f8684cc5bd792eb7dbd963261c3e3cd,3a07d6b873c8ba91,root,mobilenet-6bc7d9b854-q8774,mobilenet,1685439798288250725,1685439798518502393,230251
5f8684cc5bd792eb7dbd963261c3e3cd,23aaec6ef7823dcf,3a07d6b873c8ba91,mobilenet-6bc7d9b854-q8774,resizeXimg,1685439798344344215,1685439798518455962,174111
8df84eeba6d0b5848965ebed0ed3aad0,47ae2e3ab7e33dec,root,mobilenet-6bc7d9b854-q8774,mobilenet,1685439793620246046,1685439793777897462,157651
8df84eeba6d0b5848965ebed0ed3aad0,fa4132c80e917e25,47ae2e3ab7e33dec,mobilenet-6bc7d9b854-q8774,resizeXimg,1685439793673222010,1685439793777856157,104634
99a43d1fa93b0481fd9c498d9b100655,797c0ac4ca438455,root,mobilenet-6bc7d9b854-q8774,mobilenet,1685439796788607824,1685439797054755517,266147
99a43d1fa93b0481fd9c498d9b100655,3b902a7697f03fd4,797c0ac4ca438455,mobilenet-6bc7d9b854-q8774,resizeXimg,1685439796897909741,1685439797054711352,156801
8df94cce3150f2bed682d7516df2820d,54f76d2af7dc058d,root,mobilenet-6bc7d9b854-q8774,mobilenet,1685439796963994389,1685439797107965320,143970
8df94cce3150f2bed682d7516df2820d,65706dbc6aa4c19b,54f76d2af7dc058d,mobilenet-6bc7d9b854-q8774,resizeXimg,1685439797017973360,1685439797107921257,89947
c4e0663ccfa806ee7dcf0ecddfc6365b,b7e566811ceea1d4,root,mobilenet-6bc7d9b854-q8774,mobilenet,1685439798355567747,1685439798518808654,163240
c4e0663ccfa806ee7dcf0ecddfc6365b,b0cd9537ee8e0612,b7e566811ceea1d4,mobilenet-6bc7d9b854-q8774,resizeXimg,1685439798423381362,1685439798518764147,95382
08634a6e4ab4779b114febdb1ca193ad,713b8c8c2de5f0b3,root,mobilenet-6bc7d9b854-q8774,mobilenet,1685439795330049948,1685439795578397465,248347
08634a6e4ab4779b114febdb1ca193ad,29340cd81eaadef1,713b8c8c2de5f0b3,mobilenet-6bc7d9b854-q8774,resizeXimg,1685439795394461004,1685439795578352854,183891
e13a984f6abaa7fed74fe6329b124b0b,6840216c778ed879,root,mobilenet-6bc7d9b854-q8774,mobilenet,1685439799927975540,1685439800174421625,246446
e13a984f6abaa7fed74fe6329b124b0b,04bef8965ae18a59,6840216c778ed879,mobilenet-6bc7d9b854-q8774,resizeXimg,1685439799994765218,1685439800174377437,179612
06567f25b201896bb36d13f839a9f251,ff7c77615adf2cb8,root,mobilenet-6bc7d9b854-q8774,mobilenet,1685439794999443731,1685439795301356337,301912
06567f25b201896bb36d13f839a9f251,e23df7a2a976aa9e,ff7c77615adf2cb8,mobilenet-6bc7d9b854-q8774,resizeXimg,1685439795074865588,1685439795301313751,226448
5cf5170267c2477a7a1a005f633f266b,824a7b5295c7eafa,root,mobilenet-6bc7d9b854-q8774,mobilenet,1685439792179051760,1685439792341103412,162051
5cf5170267c2477a7a1a005f633f266b,2e43845f37a64a78,824a7b5295c7eafa,mobilenet-6bc7d9b854-q8774,resizeXimg,1685439792246117309,1685439792341063303,94945
69b328dc6e2baed35b39d026f8ae210f,e475725014a15eb4,root,mobilenet-6bc7d9b854-q8774,mobilenet,1685439792323645203,1685439792501388383,177743
69b328dc6e2baed35b39d026f8ae210f,48f059b016a80cd2,e475725014a15eb4,mobilenet-6bc7d9b854-q8774,resizeXimg,1685439792394287370,1685439792501345689,107058
08fde38a8cf94bd2aa235b561640dfeb,bc576658b70960f9,root,mobilenet-6bc7d9b854-q8774,mobilenet,1685439797380595157,1685439797554229324,173634
08fde38a8cf94bd2aa235b561640dfeb,be2cc71e9160ef03,bc576658b70960f9,mobilenet-6bc7d9b854-q8774,resizeXimg,1685439797440037774,1685439797554183134,114145
49186ed44420afa2307639556a5d939b,0379e96a1b8bd26a,root,mobilenet-6bc7d9b854-q8774,mobilenet,1685439780909613861,1685439781170422265,260808
49186ed44420afa2307639556a5d939b,339ec92c71099ee7,0379e96a1b8bd26a,mobilenet-6bc7d9b854-q8774,resizeXimg,1685439780984990596,1685439781170377368,185386
8ff63d808812464db9210808e40991ef,7bad4519a9bd6648,root,mobilenet-6bc7d9b854-q8774,mobilenet,1685439796696980380,1685439796900602005,203621
8ff63d808812464db9210808e40991ef,e5aaa5de6cebcf72,7bad4519a9bd6648,mobilenet-6bc7d9b854-q8774,resizeXimg,1685439796763445356,1685439796900557375,137112
9789b3b00ced5e2f2b00a6be65b74072,d18ceefa3ecf9457,root,mobilenet-6bc7d9b854-q8774,mobilenet,1685439780391529827,1685439780542151243,150621
9789b3b00ced5e2f2b00a6be65b74072,029a37f8635f72a1,d18ceefa3ecf9457,mobilenet-6bc7d9b854-q8774,resizeXimg,1685439780457233632,1685439780542108968,84875
27de1fd0c8a399ef18c128537ee07649,f5b1612e1ad4fe03,root,mobilenet-6bc7d9b854-q8774,mobilenet,1685439796395642663,1685439796556781285,161138
27de1fd0c8a399ef18c128537ee07649,c5fa4a0b51911d32,f5b1612e1ad4fe03,mobilenet-6bc7d9b854-q8774,resizeXimg,1685439796461162531,1685439796556739088,95576
cba2d963e1bf01a5ae142a9fdc0805e4,27c6be1863915434,root,mobilenet-6bc7d9b854-q8774,mobilenet,1685439790075679990,1685439790327739823,252059
cba2d963e1bf01a5ae142a9fdc0805e4,a46e08b543c32564,27c6be1863915434,mobilenet-6bc7d9b854-q8774,resizeXimg,1685439790162526985,1685439790327685092,165158
53bef296cfd2150204d889b2cfa56212,350777a499e5f7db,root,mobilenet-6bc7d9b854-q8774,mobilenet,1685439790783271028,1685439790980151977,196880
53bef296cfd2150204d889b2cfa56212,277458d6ebcead3d,350777a499e5f7db,mobilenet-6bc7d9b854-q8774,resizeXimg,1685439790842910907,1685439790980107042,137196
21a58524a1959d8e32b3b5a319113604,eeebf7e42103b32d,root,mobilenet-6bc7d9b854-q8774,mobilenet,1685439804308123592,1685439804458182531,150058
21a58524a1959d8e32b3b5a319113604,6f04be5be00f1b9c,eeebf7e42103b32d,mobilenet-6bc7d9b854-q8774,resizeXimg,1685439804375121119,1685439804458138580,83017
566867c54939fab888afe57f3f5fb0f1,b19b601b7b29c1ff,root,mobilenet-6bc7d9b854-q8774,mobilenet,1685439805351239888,1685439805495633387,144393
566867c54939fab888afe57f3f5fb0f1,74dc07b55d54b13a,b19b601b7b29c1ff,mobilenet-6bc7d9b854-q8774,resizeXimg,1685439805410573297,1685439805495588700,85015
624278355c557e83760a10d0283dd883,c9d9865e6a820f51,root,mobilenet-6bc7d9b854-q8774,mobilenet,1685439792052807565,1685439792298998403,246190
624278355c557e83760a10d0283dd883,1e3ab7d4441085a2,c9d9865e6a820f51,mobilenet-6bc7d9b854-q8774,resizeXimg,1685439792107288514,1685439792298949886,191661
8354c1fd96edcb3e06fda90c7a08bd2d,3411bcd13249c545,root,mobilenet-6bc7d9b854-q8774,mobilenet,1685439807071490539,1685439807223226080,151735
8354c1fd96edcb3e06fda90c7a08bd2d,f138c05de006c27a,3411bcd13249c545,mobilenet-6bc7d9b854-q8774,resizeXimg,1685439807135635177,1685439807223183288,87548
b97bce649731169b5e02d66511912822,4e4cf0b78a13f4fa,root,mobilenet-6bc7d9b854-q8774,mobilenet,1685439803298875740,1685439803499749561,200873
b97bce649731169b5e02d66511912822,e44c165054a7d625,4e4cf0b78a13f4fa,mobilenet-6bc7d9b854-q8774,resizeXimg,1685439803361107445,1685439803499708272,138600
e0d773712ecee81ca3c37f47b9c7fcaa,bea1e7997c6f4eb8,root,mobilenet-6bc7d9b854-q8774,mobilenet,1685439791719445068,1685439791966465238,247020
e0d773712ecee81ca3c37f47b9c7fcaa,feb2f3df39c3ccee,bea1e7997c6f4eb8,mobilenet-6bc7d9b854-q8774,resizeXimg,1685439791778580070,1685439791966421422,187841
e92b0b92813e4334d94bcc32eae1fb6f,786db28484245576,root,mobilenet-6bc7d9b854-q8774,mobilenet,1685439809852294682,1685439810064653060,212358
e92b0b92813e4334d94bcc32eae1fb6f,7c499b64794b5ffe,786db28484245576,mobilenet-6bc7d9b854-q8774,resizeXimg,1685439809922526049,1685439810064606834,142080
4ab03d818cf3e6464cce1f0a1d69727f,ee491585704abd25,root,mobilenet-6bc7d9b854-q8774,mobilenet,1685439791043879624,1685439791268412420,224532
4ab03d818cf3e6464cce1f0a1d69727f,09a70daa7e0b87a6,ee491585704abd25,mobilenet-6bc7d9b854-q8774,resizeXimg,1685439791102249570,1685439791268366333,166116
ef251afa0b9c12f5bf31ac7ae3dd7b07,ae7eaa193951d078,root,mobilenet-6bc7d9b854-q8774,mobilenet,1685439806531618811,1685439806746600862,214982
ef251afa0b9c12f5bf31ac7ae3dd7b07,f20dc8a2abb511d3,ae7eaa193951d078,mobilenet-6bc7d9b854-q8774,resizeXimg,1685439806591398935,1685439806746556183,155157
c4bd61d8decea5f22de7fff99ebc93f3,2d7a041ad852e590,root,mobilenet-6bc7d9b854-q8774,mobilenet,1685439803674263863,1685439803870573929,196310
c4bd61d8decea5f22de7fff99ebc93f3,a7553a855165f39e,2d7a041ad852e590,mobilenet-6bc7d9b854-q8774,resizeXimg,1685439803734861603,1685439803870531008,135669
dac7718d4baf8873c8ac6cd275a9cec9,6b0325dd5ed43e13,root,mobilenet-6bc7d9b854-q8774,mobilenet,1685439808343597419,1685439808582406854,238809
dac7718d4baf8873c8ac6cd275a9cec9,4fa9e491c50f664a,6b0325dd5ed43e13,mobilenet-6bc7d9b854-q8774,resizeXimg,1685439808398220446,1685439808582363776,184143
d3548acf9f4ff21848e3db95456c9916,528221e96fe93b73,root,mobilenet-6bc7d9b854-q8774,mobilenet,1685439802977175101,1685439803208773897,231598
d3548acf9f4ff21848e3db95456c9916,e32f46fc1af12e44,528221e96fe93b73,mobilenet-6bc7d9b854-q8774,resizeXimg,1685439803042955311,1685439803208728475,165773
eef2b7025e81def9d4b50b5a15842be6,6da410e58fe14db8,root,mobilenet-6bc7d9b854-q8774,mobilenet,1685439807875238559,1685439808070400422,195161
eef2b7025e81def9d4b50b5a15842be6,bf56c0935c81b44d,6da410e58fe14db8,mobilenet-6bc7d9b854-q8774,resizeXimg,1685439807933200504,1685439808070358216,137157
4a9bcb3ca93fd049f90456ec475dcc6f,a68595c38d4a36f1,root,mobilenet-6bc7d9b854-q8774,mobilenet,1685439807391266391,1685439807592648030,201381
4a9bcb3ca93fd049f90456ec475dcc6f,da0f62f08ac736b3,a68595c38d4a36f1,mobilenet-6bc7d9b854-q8774,resizeXimg,1685439807449273631,1685439807592603440,143329
b484557bdfeccd74a86b109acf64f7b1,afeaa3975c0cfe34,root,mobilenet-6bc7d9b854-q8774,mobilenet,1685439809996524518,1685439810143840736,147316
b484557bdfeccd74a86b109acf64f7b1,d485d824ce509e47,afeaa3975c0cfe34,mobilenet-6bc7d9b854-q8774,resizeXimg,1685439810056273589,1685439810143797449,87523
bada6c369bd9c09a9dd697c5dc47bcf7,f04ab92ecec0ad80,root,mobilenet-6bc7d9b854-q8774,mobilenet,1685439805085618877,1685439805230172875,144553
bada6c369bd9c09a9dd697c5dc47bcf7,b37a87ee93c62fb2,f04ab92ecec0ad80,mobilenet-6bc7d9b854-q8774,resizeXimg,1685439805146036171,1685439805230127911,84091
8fad08365c2682ffb2d26cdf80c5b49a,fc2b1e6cfb453018,root,mobilenet-6bc7d9b854-q8774,mobilenet,1685439809363632616,1685439809590809923,227177
8fad08365c2682ffb2d26cdf80c5b49a,1c918348bed33d92,fc2b1e6cfb453018,mobilenet-6bc7d9b854-q8774,resizeXimg,1685439809443945968,1685439809590765113,146819
6f4e43145974a6c700fc317b2a8b34bc,aafc1ae377546d66,root,mobilenet-6bc7d9b854-q8774,mobilenet,1685439808246007755,1685439808743120278,497112
6f4e43145974a6c700fc317b2a8b34bc,35290d28596b5781,aafc1ae377546d66,mobilenet-6bc7d9b854-q8774,resizeXimg,1685439808533041544,1685439808743076689,210035
8a4c0b30759a483cffd4f6565b24a0c7,3151ae6d2d5ae5b5,root,mobilenet-6bc7d9b854-q8774,mobilenet,1685439815074269188,1685439815319738740,245469
8a4c0b30759a483cffd4f6565b24a0c7,1cbbf42c79a8a431,3151ae6d2d5ae5b5,mobilenet-6bc7d9b854-q8774,resizeXimg,1685439815183720585,1685439815319695968,135975
a1abbe0848f467a29b358c5cf9db8312,fe817048a2a3a21d,root,mobilenet-6bc7d9b854-q8774,mobilenet,1685439818080257918,1685439818239943416,159685
a1abbe0848f467a29b358c5cf9db8312,3f231723618ff343,fe817048a2a3a21d,mobilenet-6bc7d9b854-q8774,resizeXimg,1685439818148393852,1685439818239902109,91508
0533b9fc57cc2020c53af3428fba3d22,14c617db486c7de1,root,mobilenet-6bc7d9b854-q8774,mobilenet,1685439814005445474,1685439814203528721,198083
0533b9fc57cc2020c53af3428fba3d22,a1ea8a6ac73c7398,14c617db486c7de1,mobilenet-6bc7d9b854-q8774,resizeXimg,1685439814063812632,1685439814203485354,139672
28721df814e8e286394a54ab0518cf19,6965916cb94503fc,root,mobilenet-6bc7d9b854-q8774,mobilenet,1685439800703454312,1685439801014453126,310998
28721df814e8e286394a54ab0518cf19,37368d9ba2e2a574,6965916cb94503fc,mobilenet-6bc7d9b854-q8774,resizeXimg,1685439800770191748,1685439801014408853,244217
e9608c821191ee363f7cf35a48a41ab2,8d64ac65411e650b,root,mobilenet-6bc7d9b854-q8774,mobilenet,1685439817839902775,1685439818141204679,301301
e9608c821191ee363f7cf35a48a41ab2,1800117ba3beb1b6,8d64ac65411e650b,mobilenet-6bc7d9b854-q8774,resizeXimg,1685439817953305534,1685439818141162126,187856
57e4c2246194da9961471662a032c7c0,77492a77ff13b71e,root,mobilenet-6bc7d9b854-q8774,mobilenet,1685439817506495621,1685439817705087689,198592
57e4c2246194da9961471662a032c7c0,106527117911fb8f,77492a77ff13b71e,mobilenet-6bc7d9b854-q8774,resizeXimg,1685439817567431502,1685439817705041804,137610
cdace1da97e8f7bb4444709ed1808f92,76ee9fcd04261639,root,mobilenet-6bc7d9b854-q8774,mobilenet,1685439816330051703,1685439816484465659,154413
cdace1da97e8f7bb4444709ed1808f92,940be67c8b442ce1,76ee9fcd04261639,mobilenet-6bc7d9b854-q8774,resizeXimg,1685439816390612430,1685439816484419840,93807
903b586870a7a42882f7b5a32647e717,73a10d0f7766c2b7,root,mobilenet-6bc7d9b854-q8774,mobilenet,1685439800440142734,1685439800680604433,240461
903b586870a7a42882f7b5a32647e717,ccf7de04c2d48dc5,73a10d0f7766c2b7,mobilenet-6bc7d9b854-q8774,resizeXimg,1685439800504483400,1685439800680561299,176077
6a3c4bbb1b739ecb0ad39bd15890f9d2,84b1796bd56ee6cb,root,mobilenet-6bc7d9b854-q8774,mobilenet,1685439815362957391,1685439815526602959,163645
6a3c4bbb1b739ecb0ad39bd15890f9d2,510b6a47b3debe18,84b1796bd56ee6cb,mobilenet-6bc7d9b854-q8774,resizeXimg,1685439815431090655,1685439815526559289,95468
123af500f3752e38edf6dc43a1ca99bc,8145bf2a782f9944,root,mobilenet-6bc7d9b854-q8774,mobilenet,1685439800133908890,1685439800390429933,256521
123af500f3752e38edf6dc43a1ca99bc,7519f0d030567bcf,8145bf2a782f9944,mobilenet-6bc7d9b854-q8774,resizeXimg,1685439800205907475,1685439800390387451,184479
fd075105b94377462ed0c107fcc0b716,5eefcb4d03768e40,root,mobilenet-6bc7d9b854-q8774,mobilenet,1685439820067687550,1685439820275573435,207885
fd075105b94377462ed0c107fcc0b716,67fcf78d1318d955,5eefcb4d03768e40,mobilenet-6bc7d9b854-q8774,resizeXimg,1685439820138340961,1685439820275528465,137187
a30f63a426be5bf4ef9074887331233c,73b04f6fed900461,root,mobilenet-6bc7d9b854-q8774,mobilenet,1685439800763856041,1685439800925907559,162051
a30f63a426be5bf4ef9074887331233c,5074817809480324,73b04f6fed900461,mobilenet-6bc7d9b854-q8774,resizeXimg,1685439800828631255,1685439800925861330,97230
50129a352774689f439c493f8876cfbb,a82245d4e8a376de,root,mobilenet-6bc7d9b854-q8774,mobilenet,1685439819411867941,1685439819616807206,204939
50129a352774689f439c493f8876cfbb,9b613e636a7a924e,a82245d4e8a376de,mobilenet-6bc7d9b854-q8774,resizeXimg,1685439819480187220,1685439819616763235,136576
725a42f23570adc811d2c11901b15923,cad6324753c9b5b3,root,mobilenet-6bc7d9b854-q8774,mobilenet,1685439814952600082,1685439815178423314,225823
725a42f23570adc811d2c11901b15923,76975f9d5ee18089,cad6324753c9b5b3,mobilenet-6bc7d9b854-q8774,resizeXimg,1685439815010662850,1685439815178376380,167713
223ba44dafd3fb74ecb2413cb70f383e,30c03e918b686b24,root,mobilenet-6bc7d9b854-q8774,mobilenet,1685439802968825584,1685439803134176923,165351
223ba44dafd3fb74ecb2413cb70f383e,21e0e3948f6efeaf,30c03e918b686b24,mobilenet-6bc7d9b854-q8774,resizeXimg,1685439803032755434,1685439803134134962,101379
654c9b330c0a40564c67b05ac6cb4c9f,df4034175bc1b622,root,mobilenet-6bc7d9b854-q8774,mobilenet,1685439816466378727,1685439816740313892,273935
654c9b330c0a40564c67b05ac6cb4c9f,caec5aba098d6102,df4034175bc1b622,mobilenet-6bc7d9b854-q8774,resizeXimg,1685439816544235024,1685439816740268908,196033
83adf059952f433a8c0c73b5d1d28de4,11db8cd9376f501e,root,mobilenet-6bc7d9b854-q8774,mobilenet,1685439818151877275,1685439818387841677,235964
83adf059952f433a8c0c73b5d1d28de4,6df92a8d3b0d0525,11db8cd9376f501e,mobilenet-6bc7d9b854-q8774,resizeXimg,1685439818249427092,1685439818387789566,138362
1362eb00cdb6730b7cb1413742dab409,8b9a8ecfcc7df57c,root,mobilenet-6bc7d9b854-q8774,mobilenet,1685439801819427768,1685439802096052206,276624
1362eb00cdb6730b7cb1413742dab409,c457781ca513cae8,8b9a8ecfcc7df57c,mobilenet-6bc7d9b854-q8774,resizeXimg,1685439801876769497,1685439802096009204,219239
3bcb5ac963bf87d425b7a476b3f45a4f,3bddfc9ef9b37d57,root,mobilenet-6bc7d9b854-q8774,mobilenet,1685439819691609688,1685439819843060715,151451
3bcb5ac963bf87d425b7a476b3f45a4f,f00e1c1f38551a66,3bddfc9ef9b37d57,mobilenet-6bc7d9b854-q8774,resizeXimg,1685439819756856730,1685439819843016157,86159
b87e07ac643d28a87fa23641fac7de6d,dcb84c8ba21c8f8e,root,mobilenet-6bc7d9b854-q8774,mobilenet,1685439817648048707,1685439817886476047,238427
b87e07ac643d28a87fa23641fac7de6d,3d15b81dc1d37162,dcb84c8ba21c8f8e,mobilenet-6bc7d9b854-q8774,resizeXimg,1685439817719154696,1685439817886433384,167278
a9c4ae07380e158942ff59ffe76733e5,25702705fed72e47,root,mobilenet-6bc7d9b854-q8774,mobilenet,1685439828866494767,1685439829046389129,179894
a9c4ae07380e158942ff59ffe76733e5,bcc4eddffe4985c2,25702705fed72e47,mobilenet-6bc7d9b854-q8774,resizeXimg,1685439828929660336,1685439829046343938,116683
353be4caa525cfee045b0fb21ed7f775,0fa4f1128974c1b0,root,mobilenet-6bc7d9b854-q8774,mobilenet,1685439813743569421,1685439813891630433,148061
353be4caa525cfee045b0fb21ed7f775,66a29f96109edc42,0fa4f1128974c1b0,mobilenet-6bc7d9b854-q8774,resizeXimg,1685439813808633092,1685439813891587802,82954
8413aa9fb1ccd6de362d0d42625b44bb,2adeea58827d4c88,root,mobilenet-6bc7d9b854-q8774,mobilenet,1685439829931801480,1685439830128735717,196934
8413aa9fb1ccd6de362d0d42625b44bb,a5ad6671ec34b3a5,2adeea58827d4c88,mobilenet-6bc7d9b854-q8774,resizeXimg,1685439829995256672,1685439830128691427,133434
da4589b44786b910503007ace748fa94,47c4d8db04c589b7,root,mobilenet-6bc7d9b854-q8774,mobilenet,1685439813424520443,1685439813580885868,156365
da4589b44786b910503007ace748fa94,893df650398dbcc5,47c4d8db04c589b7,mobilenet-6bc7d9b854-q8774,resizeXimg,1685439813484058876,1685439813580844739,96785
444f5e4be75cd8d3d9cd664f9112971b,3c5fdbc0ec950a69,root,mobilenet-6bc7d9b854-q8774,mobilenet,1685439810383663103,1685439810675093334,291430
444f5e4be75cd8d3d9cd664f9112971b,f7ba7833c43cc73c,3c5fdbc0ec950a69,mobilenet-6bc7d9b854-q8774,resizeXimg,1685439810481358675,1685439810675048834,193690
142d30ec4a630396fd2054d229979195,4831996e04cccafa,root,mobilenet-6bc7d9b854-q8774,mobilenet,1685439813371068707,1685439813605838400,234769
142d30ec4a630396fd2054d229979195,442b8bb9ca32fbc5,4831996e04cccafa,mobilenet-6bc7d9b854-q8774,resizeXimg,1685439813421725565,1685439813605793303,184067
2b9a947850371673f0966080e6cf8470,fe8ee787c983bb0c,root,mobilenet-6bc7d9b854-q8774,mobilenet,1685439810313664830,1685439810468231088,154566
2b9a947850371673f0966080e6cf8470,c84b4e1172428692,fe8ee787c983bb0c,mobilenet-6bc7d9b854-q8774,resizeXimg,1685439810379279678,1685439810468186600,88906
3071cc680ee37db2d2d37d931aadc50e,4d0701369fa59e16,root,mobilenet-6bc7d9b854-q8774,mobilenet,1685439827784250150,1685439827983839983,199589
3071cc680ee37db2d2d37d931aadc50e,0fcdadecb5cf74ab,4d0701369fa59e16,mobilenet-6bc7d9b854-q8774,resizeXimg,1685439827846048850,1685439827983794410,137745
069ac0b4aa6749a60b4d639d5669d131,18c98dda505b697e,root,mobilenet-6bc7d9b854-q8774,mobilenet,1685439812243548265,1685439812453178729,209630
069ac0b4aa6749a60b4d639d5669d131,5bea3164eab0d1b6,18c98dda505b697e,mobilenet-6bc7d9b854-q8774,resizeXimg,1685439812327978636,1685439812453133874,125155
257b07bf4fbfef3727555540c75b8036,1b2a0222663f26fa,root,mobilenet-6bc7d9b854-q8774,mobilenet,1685439827199569456,1685439827359566192,159996
257b07bf4fbfef3727555540c75b8036,15b93cdaf9336e80,1b2a0222663f26fa,mobilenet-6bc7d9b854-q8774,resizeXimg,1685439827264447637,1685439827359522708,95075
98d952fa0559f4e2d7293f0d4ab6aa22,3c069b6663cbd7f2,root,mobilenet-6bc7d9b854-q8774,mobilenet,1685439827103771197,1685439827321654302,217883
98d952fa0559f4e2d7293f0d4ab6aa22,999f37fa6230450c,3c069b6663cbd7f2,mobilenet-6bc7d9b854-q8774,resizeXimg,1685439827162699405,1685439827321608501,158909
df847872b06b14bf6149b7e137fd9e2f,a6be9cd1be505503,root,mobilenet-6bc7d9b854-q8774,mobilenet,1685439811542360398,1685439811774687980,232327
df847872b06b14bf6149b7e137fd9e2f,c5e9e02b8caeb3df,a6be9cd1be505503,mobilenet-6bc7d9b854-q8774,resizeXimg,1685439811597045444,1685439811774644009,177598
747a25b491fca57c50972eaf0e81aac7,fd035ec3045b9895,root,mobilenet-6bc7d9b854-q8774,mobilenet,1685439812172335945,1685439812454445886,282109
747a25b491fca57c50972eaf0e81aac7,62e0b62e473bfcd7,fd035ec3045b9895,mobilenet-6bc7d9b854-q8774,resizeXimg,1685439812232649349,1685439812454402342,221752
3de709021561525d88f198c59112f6f4,442fa51a6b9c83b9,root,mobilenet-6bc7d9b854-q8774,mobilenet,1685439828120133392,1685439828323555939,203422
3de709021561525d88f198c59112f6f4,865cfb1950a03513,442fa51a6b9c83b9,mobilenet-6bc7d9b854-q8774,resizeXimg,1685439828186794990,1685439828323512251,136717
09bb6b8feb4c4e207a9f2e86b50e2d1b,b9eb61778beb1b3f,root,mobilenet-6bc7d9b854-q8774,mobilenet,1685439828462737131,1685439828709071113,246333
09bb6b8feb4c4e207a9f2e86b50e2d1b,22d2d4c365aabaa5,b9eb61778beb1b3f,mobilenet-6bc7d9b854-q8774,resizeXimg,1685439828519932356,1685439828709025032,189092
907ab1b7c258bf4484df4b6cf5eadd5f,8fbdd77d2463cd3e,root,mobilenet-6bc7d9b854-q8774,mobilenet,1685439826163578915,1685439826498966951,335388
907ab1b7c258bf4484df4b6cf5eadd5f,6ef2f7fdd5f11bbc,8fbdd77d2463cd3e,mobilenet-6bc7d9b854-q8774,resizeXimg,1685439826243904154,1685439826498902001,254997
7f190b4d212f74b9c989231a9b00dff7,6522c77466b70b68,root,mobilenet-6bc7d9b854-q8774,mobilenet,1685439813736389337,1685439813962344425,225955
7f190b4d212f74b9c989231a9b00dff7,518d378a12ba03bd,6522c77466b70b68,mobilenet-6bc7d9b854-q8774,resizeXimg,1685439813791932677,1685439813962299398,170366
971f24353e26d31118d6d3be4418e36f,fc489a1663fb5da5,root,mobilenet-6bc7d9b854-q8774,mobilenet,1685439811561610110,1685439811754788120,193178
971f24353e26d31118d6d3be4418e36f,63e37ec1d5dd612b,fc489a1663fb5da5,mobilenet-6bc7d9b854-q8774,resizeXimg,1685439811622211103,1685439811754743740,132532
5e591781d782305cc587c16f2e9d86b6,0e487f9b82902e1a,root,mobilenet-6bc7d9b854-q8774,mobilenet,1685439829962381586,1685439830272243327,309861
5e591781d782305cc587c16f2e9d86b6,6fe402c4397e4deb,0e487f9b82902e1a,mobilenet-6bc7d9b854-q8774,resizeXimg,1685439830138940776,1685439830272198927,133258
96353f21681b3dc2137c55d010e557c4,0de5ed13f5adcbe8,root,mobilenet-6bc7d9b854-q8774,mobilenet,1685439828467566377,1685439828726825426,259259
96353f21681b3dc2137c55d010e557c4,45f8fdc54211ff23,0de5ed13f5adcbe8,mobilenet-6bc7d9b854-q8774,resizeXimg,1685439828526604488,1685439828726782081,200177
c0ac085e7f61e74e07e056b8113625f5,4d8b4326c69a0d9c,root,mobilenet-6bc7d9b854-q8774,mobilenet,1685439836463832637,1685439836688263361,224430
c0ac085e7f61e74e07e056b8113625f5,d0c0b8614b459c4b,4d8b4326c69a0d9c,mobilenet-6bc7d9b854-q8774,resizeXimg,1685439836548249367,1685439836688218765,139969
7367e6d90f1dabcf3b7c1c3b48132a7a,ce5a8b84864f6493,root,mobilenet-6bc7d9b854-q8774,mobilenet,1685439823375405182,1685439823637146454,261741
7367e6d90f1dabcf3b7c1c3b48132a7a,c25cf0c1e99f1ce0,ce5a8b84864f6493,mobilenet-6bc7d9b854-q8774,resizeXimg,1685439823444762612,1685439823637100012,192337
7c8d6dc59e4ab845d64d951e072e3cfc,08fbda12bf2a9d6f,root,mobilenet-6bc7d9b854-q8774,mobilenet,1685439823627309563,1685439823973114954,345805
7c8d6dc59e4ab845d64d951e072e3cfc,491ee100ad09fe12,08fbda12bf2a9d6f,mobilenet-6bc7d9b854-q8774,resizeXimg,1685439823826247874,1685439823973068716,146820
f739f1b5e8d26ac65cc0b3e76a9cc20b,0365c602fea64028,root,mobilenet-6bc7d9b854-q8774,mobilenet,1685439837115601941,1685439837310979609,195377
f739f1b5e8d26ac65cc0b3e76a9cc20b,a3e9972cd15d5b18,0365c602fea64028,mobilenet-6bc7d9b854-q8774,resizeXimg,1685439837207028531,1685439837310937178,103908
a6de16bec6865e86e4676bd7794be19d,e6a430d7772ea4c2,root,mobilenet-6bc7d9b854-q8774,mobilenet,1685439825771481330,1685439826021136631,249655
a6de16bec6865e86e4676bd7794be19d,0fec15335994b39a,e6a430d7772ea4c2,mobilenet-6bc7d9b854-q8774,resizeXimg,1685439825843763402,1685439826021092089,177328
81fc73b8dc337a772c39c84a06376eba,247465d872124347,root,mobilenet-6bc7d9b854-q8774,mobilenet,1685439839343614213,1685439839512470057,168855
81fc73b8dc337a772c39c84a06376eba,e3ca92b42d4bc0cb,247465d872124347,mobilenet-6bc7d9b854-q8774,resizeXimg,1685439839404283986,1685439839512429405,108145
346a1cf28094c40c2c826fb9bdcd9c57,2f4e7c886de5ebba,root,mobilenet-6bc7d9b854-q8774,mobilenet,1685439824800247827,1685439824977401974,177154
346a1cf28094c40c2c826fb9bdcd9c57,060d5c67396b1ce6,2f4e7c886de5ebba,mobilenet-6bc7d9b854-q8774,resizeXimg,1685439824856597527,1685439824977356844,120759
359f9f82fa88a2082983e4347000ef07,a9338a5df330371e,root,mobilenet-6bc7d9b854-q8774,mobilenet,1685439826287968656,1685439826470818147,182849
359f9f82fa88a2082983e4347000ef07,a4425d2d44f61dbf,a9338a5df330371e,mobilenet-6bc7d9b854-q8774,resizeXimg,1685439826356276344,1685439826470769967,114493
7687ba51d69c845ada5f586426fae8e3,c1cd18537872b065,root,mobilenet-6bc7d9b854-q8774,mobilenet,1685439839078297966,1685439839342419356,264121
7687ba51d69c845ada5f586426fae8e3,9a697c20fcca695e,c1cd18537872b065,mobilenet-6bc7d9b854-q8774,resizeXimg,1685439839142402977,1685439839342371867,199968
2f1cbc1759552905da7987824fb5e9b0,3f54b705baf07fcf,root,mobilenet-6bc7d9b854-q8774,mobilenet,1685439839166860598,1685439839501186839,334326
2f1cbc1759552905da7987824fb5e9b0,dfaddc327f052e32,3f54b705baf07fcf,mobilenet-6bc7d9b854-q8774,resizeXimg,1685439839243335064,1685439839501141293,257806
84f7f28a2d1d5352a301c89ad0e48599,762b36869b654389,root,mobilenet-6bc7d9b854-q8774,mobilenet,1685439822010098682,1685439822165955894,155857
84f7f28a2d1d5352a301c89ad0e48599,6fe2e8f96c085b40,762b36869b654389,mobilenet-6bc7d9b854-q8774,resizeXimg,1685439822076321075,1685439822165912704,89591
ab194b857de4e5dceff6f28ad4c85228,ed526b1e5b6627ed,root,mobilenet-6bc7d9b854-q8774,mobilenet,1685439822391970730,1685439822553625783,161655
ab194b857de4e5dceff6f28ad4c85228,0f348f851613b2fa,ed526b1e5b6627ed,mobilenet-6bc7d9b854-q8774,resizeXimg,1685439822467766382,1685439822553583598,85817
8961bb1f096678e4525f1e0432082112,01354a8d644b6b8f,root,mobilenet-6bc7d9b854-q8774,mobilenet,1685439837072279269,1685439837353778472,281499
8961bb1f096678e4525f1e0432082112,3ebb52e0b815ec0f,01354a8d644b6b8f,mobilenet-6bc7d9b854-q8774,resizeXimg,1685439837141866988,1685439837349723251,207856
424e2cb1d78d37a36ed471f5c15b0819,f648a35d66c46450,root,mobilenet-6bc7d9b854-q8774,mobilenet,1685439822182922611,1685439822463534268,280611
424e2cb1d78d37a36ed471f5c15b0819,f1cc79b37dcb5d01,f648a35d66c46450,mobilenet-6bc7d9b854-q8774,resizeXimg,1685439822294414928,1685439822463493554,169078
dfc2da472342411c2271db6660294834,1266843d3cae378a,root,mobilenet-6bc7d9b854-q8774,mobilenet,1685439838387630622,1685439838638486516,250855
dfc2da472342411c2271db6660294834,54095c386a71798c,1266843d3cae378a,mobilenet-6bc7d9b854-q8774,resizeXimg,1685439838453536505,1685439838638424599,184888
3f796a8b17f7ed89c69dc1adeba0c51b,8e9fd83ffaac0253,root,mobilenet-6bc7d9b854-q8774,mobilenet,1685439820577935240,1685439820762669481,184734
3f796a8b17f7ed89c69dc1adeba0c51b,1f09a9bd7fc1ccc0,8e9fd83ffaac0253,mobilenet-6bc7d9b854-q8774,resizeXimg,1685439820642169141,1685439820762625149,120456
fcc18b4a565b55a49599919d99a809bd,fd5b9ff605fc9661,root,mobilenet-6bc7d9b854-q8774,mobilenet,1685439822095315257,1685439822335261982,239946
fcc18b4a565b55a49599919d99a809bd,ae5bdd683e96c995,fd5b9ff605fc9661,mobilenet-6bc7d9b854-q8774,resizeXimg,1685439822193360038,1685439822335218974,141858
f5a0c40fa13c0b98cde44f9ebd5d6a81,cd31e2fc9892d487,root,mobilenet-6bc7d9b854-q8774,mobilenet,1685439838700343280,1685439838941096684,240753
f5a0c40fa13c0b98cde44f9ebd5d6a81,3a98c53bd261a791,cd31e2fc9892d487,mobilenet-6bc7d9b854-q8774,resizeXimg,1685439838768160230,1685439838941052139,172891
0fd4c9654463b7b811924f452ae17c50,f7c75ab550cb8d68,root,mobilenet-6bc7d9b854-q8774,mobilenet,1685439820858169609,1685439821068756104,210586
0fd4c9654463b7b811924f452ae17c50,cc4d97445c28b409,f7c75ab550cb8d68,mobilenet-6bc7d9b854-q8774,resizeXimg,1685439820923733572,1685439821068713784,144980
e1c13507d7183475c95baefd65be9d05,001fa04d5dfb323c,root,mobilenet-6bc7d9b854-q8774,mobilenet,1685439824411459341,1685439824608184042,196724
e1c13507d7183475c95baefd65be9d05,5cd2aa7bf099eedb,001fa04d5dfb323c,mobilenet-6bc7d9b854-q8774,resizeXimg,1685439824470067621,1685439824608139666,138072
47bd080922f93f6bf14432c994d5811f,57f149e9f42cb92b,root,mobilenet-6bc7d9b854-q8774,mobilenet,1685439835097224313,1685439835308171519,210947
47bd080922f93f6bf14432c994d5811f,0360f287641b1c82,57f149e9f42cb92b,mobilenet-6bc7d9b854-q8774,resizeXimg,1685439835171393309,1685439835308127629,136734
fc3a2769431c37dd1f65cf9160a0c984,fb54a6f8b84da9c5,root,mobilenet-6bc7d9b854-q8774,mobilenet,1685439830900042239,1685439831048130227,148087
fc3a2769431c37dd1f65cf9160a0c984,94aa767cd6edf704,fb54a6f8b84da9c5,mobilenet-6bc7d9b854-q8774,resizeXimg,1685439830960754427,1685439831048086823,87332
7e432c88146fa3d84be2211b30871d72,365236e1fb2d52e8,root,mobilenet-6bc7d9b854-q8774,mobilenet,1685439835573157318,1685439835731758578,158601
7e432c88146fa3d84be2211b30871d72,cebde42e24a0eda4,365236e1fb2d52e8,mobilenet-6bc7d9b854-q8774,resizeXimg,1685439835636534703,1685439835731712920,95178
e757be1db4b72c8a3509a8ca8fcb1142,19cb44022059d4cd,root,mobilenet-6bc7d9b854-q8774,mobilenet,1685439834915553135,1685439835126133711,210580
e757be1db4b72c8a3509a8ca8fcb1142,09a13d97138d8e41,19cb44022059d4cd,mobilenet-6bc7d9b854-q8774,resizeXimg,1685439834971067379,1685439835126088514,155021
871f878e8fc45497b30f34d0326e7fee,8d23db41e789ddeb,root,mobilenet-6bc7d9b854-q8774,mobilenet,1685439831556403259,1685439831713915648,157512
871f878e8fc45497b30f34d0326e7fee,d492cc86397780d7,8d23db41e789ddeb,mobilenet-6bc7d9b854-q8774,resizeXimg,1685439831620940947,1685439831713869712,92928
1171fa8885d5d4b610ca60469ceabc0e,5f98f5b7d0003fe9,root,mobilenet-6bc7d9b854-q8774,mobilenet,1685439830746031259,1685439830940234883,194203
1171fa8885d5d4b610ca60469ceabc0e,19c31c41d7d856a0,5f98f5b7d0003fe9,mobilenet-6bc7d9b854-q8774,resizeXimg,1685439830805245487,1685439830940190744,134945
9325262e4ad5faaf2276093bee034dc2,04a3a76f78dc7124,root,mobilenet-6bc7d9b854-q8774,mobilenet,1685439832197618282,1685439832419231231,221612
9325262e4ad5faaf2276093bee034dc2,cbda24ecf1ae943a,04a3a76f78dc7124,mobilenet-6bc7d9b854-q8774,resizeXimg,1685439832277435080,1685439832419186666,141751
e1bc78f0b0ab3ede9517a8a32c46c042,f3be5184e0e7634b,root,mobilenet-6bc7d9b854-q8774,mobilenet,1685439832995073633,1685439833172744611,177670
e1bc78f0b0ab3ede9517a8a32c46c042,0b99c300af65dc0e,f3be5184e0e7634b,mobilenet-6bc7d9b854-q8774,resizeXimg,1685439833055207001,1685439833172697971,117490
986a7b7b64cb9c24820743dd091e6ab8,f1a51d55006d643d,root,mobilenet-6bc7d9b854-q8774,mobilenet,1685439832743267670,1685439832939191441,195923
986a7b7b64cb9c24820743dd091e6ab8,291798a47d7b91d5,f1a51d55006d643d,mobilenet-6bc7d9b854-q8774,resizeXimg,1685439832803234102,1685439832939147667,135913
3f1355803815fe34d67a749292b58dad,94f72c67556fa373,root,mobilenet-6bc7d9b854-q8774,mobilenet,1685439832328107049,1685439832565531085,237424
3f1355803815fe34d67a749292b58dad,1eaeba724c6c691c,94f72c67556fa373,mobilenet-6bc7d9b854-q8774,resizeXimg,1685439832425493567,1685439832565485820,139992
18e0d1ba2ae3ede3c883299e594d3548,cef3b5b8485977e0,root,mobilenet-6bc7d9b854-q8774,mobilenet,1685439834280106873,1685439834549296648,269189
18e0d1ba2ae3ede3c883299e594d3548,a5437857d14564d8,cef3b5b8485977e0,mobilenet-6bc7d9b854-q8774,resizeXimg,1685439834366236111,1685439834549240912,183004
90e29433bb7ab10107f4751af4a68f21,fdc34d2fd5d353e0,root,mobilenet-6bc7d9b854-q8774,mobilenet,1685439835567435906,1685439835799724638,232288
90e29433bb7ab10107f4751af4a68f21,092f59e41f09db06,fdc34d2fd5d353e0,mobilenet-6bc7d9b854-q8774,resizeXimg,1685439835626276648,1685439835799679168,173402
