TraceID,SpanID,ParentID,PodName,OperationName,StartTimeUnixNano,EndTimeUnixNano,Duration
29dd678e9cb8e9669c679e0bae14e2b1,fb04f381a99ac36c,root,resize-867cb9cbc8-8tswc,resizeImage,1684862888960865020,1684862888993005050,32140
1c7ba3990bc42495172508bb3af6a256,6fc3644fedae1fed,root,resize-867cb9cbc8-8tswc,resizeImage,1684862886355415727,1684862886387042935,31627
e60b8ccd5966cc78669fcda570ec220c,9db8ccfdf89a0050,root,resize-867cb9cbc8-8tswc,resizeImage,1684862883062997872,1684862883094255442,31257
7bf506511f6b4c971afc3c5ad6523c8d,b207bb02740a87a8,root,resize-867cb9cbc8-8tswc,resizeImage,1684862882956638005,1684862882977369917,20731
d2f5e7393d3aa55ae466ed3116b35489,d91a863c195045f1,root,resize-867cb9cbc8-8tswc,resizeImage,1684862888495577512,1684862888515235984,19658
056d75fb9f71301c6118930b2b87c8d4,66916076e6cddd64,root,resize-867cb9cbc8-8tswc,resizeImage,1684862890639475139,1684862890672602813,33127
71f8374caa68909dd0026f3f7d55c6da,93ad94715132a629,root,resize-867cb9cbc8-8tswc,resizeImage,1684862889706686829,1684862889732090837,25404
4b99333f658bbf7b94cee74edc90410b,8b04b947d9602888,root,resize-867cb9cbc8-8tswc,resizeImage,1684862883339414122,1684862883368194504,28780
3ec021c813491cb8ca2b142411f8f371,b30dde746e808f8d,root,resize-867cb9cbc8-8tswc,resizeImage,1684862887887869969,1684862887917137701,29267
856b028cc01fd1f5279b3ab0c902dbbf,ed91c5fb66285832,root,resize-867cb9cbc8-8tswc,resizeImage,1684862887299226146,1684862887322457921,23231
fa2c4590e59e5df8541b540ee4487d7f,7c5cf790e5053a6a,root,resize-867cb9cbc8-8tswc,resizeImage,1684862886417110997,1684862886437097036,19986
6babc21fe491b8f380997933286b6022,027719f87107b635,root,resize-867cb9cbc8-8tswc,resizeImage,1684862890752177099,1684862890772189031,20011
1e5ac950a29b231ef8ef0881a540e39d,8d6cac391f8b2ce1,root,resize-867cb9cbc8-8tswc,resizeImage,1684862885788980314,1684862885818191924,29211
925069315c0ef9ad00ef7751fec657f6,e10b7d330c520a27,root,resize-867cb9cbc8-8tswc,resizeImage,1684862884654801855,1684862884686997930,32196
7672b88729241ecf9cb61d7ee3e05036,b09d4a9dfa0bfe37,root,resize-867cb9cbc8-8tswc,resizeImage,1684862885083032083,1684862885123641233,40609
6124343d4c8d07a89517a74c834f89c9,bad4da362d6b8571,root,resize-867cb9cbc8-8tswc,resizeImage,1684862883903803806,1684862883936089253,32285
f7a954ad230d133b1c2ee98729790e07,3fbafe3d2e407331,root,resize-867cb9cbc8-8tswc,resizeImage,1684862889200701633,1684862889221392367,20690
191cb641691817baf1fb1c8102c12a70,72f15f83aa2e3ede,root,resize-867cb9cbc8-8tswc,resizeImage,1684862883960572033,1684862883989146069,28574
733a4f52004d4f114b81c3ed8a458901,3ae5c28aa90db31e,root,resize-867cb9cbc8-8tswc,resizeImage,1684862887359685618,1684862887390824073,31138
3be07a482782f8e066b220be4e49e832,63cc786d5cc09fdb,root,resize-867cb9cbc8-8tswc,resizeImage,1684862886928176539,1684862886959992163,31815
3c4b477dade75fbd817d52e0f6ca3d40,6d45b9ce0afeebe6,root,resize-867cb9cbc8-8tswc,resizeImage,1684862896528047825,1684862896560095356,32047
57be695ffb41446a92fe8d40b0a6a07b,10fce707c4be5316,root,resize-867cb9cbc8-8tswc,resizeImage,1684862897116312533,1684862897142917693,26605
b843eb27d5860a200648df9bc8c27d6b,a1069cf0ea5d681f,root,resize-867cb9cbc8-8tswc,resizeImage,1684862896428749657,1684862896459925880,31176
77e5f949657ffea58f86f4324a8b2fde,cfe22350d6db7baa,root,resize-867cb9cbc8-8tswc,resizeImage,1684862894877573672,1684862894910038886,32465
121ed1d2308554517ac535cc4f0ec1c0,98669eed827d64ab,root,resize-867cb9cbc8-8tswc,resizeImage,1684862899403118325,1684862899433025619,29907
8ba8596701faabc600bdd888176f2b9e,0beffb5d09afd7f9,root,resize-867cb9cbc8-8tswc,resizeImage,1684862881824331252,1684862881847928582,23597
1a6a12fe6b3feaab5738dfc13ec82749,89d7543e013aae9a,root,resize-867cb9cbc8-8tswc,resizeImage,1684862894350137543,1684862894381682316,31544
506f18c1b8c53c767b5eadbf8db7dc2f,25063f2d9dc15853,root,resize-867cb9cbc8-8tswc,resizeImage,1684862881671242029,1684862881700106283,28864
ed920909febf1723048212d73e74328f,c6bce3ac143c4a11,root,resize-867cb9cbc8-8tswc,resizeImage,1684862899480385711,1684862899510442005,30056
4845dbdcfe3a437be875c03067f9da8e,6b06595f2385b149,root,resize-867cb9cbc8-8tswc,resizeImage,1684862881934631086,1684862881984724451,50093
b170d79f35fa9c450c287dfa9fb021d0,bbab0cca14c9def0,root,resize-867cb9cbc8-8tswc,resizeImage,1684862900772202780,1684862900802198488,29995
1d3c276dd13fcd38ae2bf708ef95768e,8b32a00de612485b,root,resize-867cb9cbc8-8tswc,resizeImage,1684862898108126151,1684862898137893134,29766
adfdde4f9aa820bcdeb7338d0c6387e3,44c428b12d49c6be,root,resize-867cb9cbc8-8tswc,resizeImage,1684862897819723482,1684862897848252238,28528
7cb6d3bae866c22f5aba86e9c551417e,0ec79ac1101548de,root,resize-867cb9cbc8-8tswc,resizeImage,1684862899907429659,1684862899937864622,30434
89d16ea63d562e8ac393347ff9d89a32,6e48b8e1b707819f,root,resize-867cb9cbc8-8tswc,resizeImage,1684862895255494355,1684862895287308274,31813
cc88399e7fdfda1a0c10b341860f96b2,9b5dae04db9081f9,root,resize-867cb9cbc8-8tswc,resizeImage,1684862894429083050,1684862894458997163,29914
8e34591320eff8e14fa81a8a1df72bb3,e7b4d2c0ef1b2a95,root,resize-867cb9cbc8-8tswc,resizeImage,1684862898186862080,1684862898217753764,30891
4382d122e7413d2981d54da7c1056734,eb2ed48ba66a127c,root,resize-867cb9cbc8-8tswc,resizeImage,1684862880972853761,1684862881003016591,30162
2598c853c64171dece809d9eb9f7f2e3,4f6f0529b67eb1ee,root,resize-867cb9cbc8-8tswc,resizeImage,1684862898538562684,1684862898566997585,28434
2eb154c78196867ffe3a82426a2a986b,e417339d3a1b6e6e,root,resize-867cb9cbc8-8tswc,resizeImage,1684862896333117298,1684862896357305912,24188
37f2527d7c0078df18e894d1aeda14ea,d05028fbb41d878e,root,resize-867cb9cbc8-8tswc,resizeImage,1684862894240129171,1684862894261597276,21468
c7854aaedde2c75d073af3cdc4af6482,1a38b697aafb092d,root,resize-867cb9cbc8-8tswc,resizeImage,1684862909151714202,1684862909199599684,47885
e45fade5f953046ecd5d03f6bc27f7c2,e363019620860331,root,resize-867cb9cbc8-8tswc,resizeImage,1684862910120954316,1684862910153566892,32612
f7795f86eb0c468cb5cd36ebca47557e,27009a1a2dc0b25b,root,resize-867cb9cbc8-8tswc,resizeImage,1684862893303051038,1684862893340530097,37479
9cba42bf4b0ec3e3adb390a453afb9d3,856b60e4cc4ea120,root,resize-867cb9cbc8-8tswc,resizeImage,1684862909667484513,1684862909688318586,20834
d95d6272626dd388b0be79d220c9fad7,ecc29de86885a88b,root,resize-867cb9cbc8-8tswc,resizeImage,1684862907589529898,1684862907620918516,31388
863560a81ef12298626097a9ef3638a0,e04eee84e0a8c564,root,resize-867cb9cbc8-8tswc,resizeImage,1684862905463161658,1684862905500433338,37271
7fd653484804d4ecca6f23c9594f53af,ba172f77ca4213cb,root,resize-867cb9cbc8-8tswc,resizeImage,1684862891083115131,1684862891107372790,24257
6ff83c2c5b83833f6e04153f21417d62,913df8845534d2b6,root,resize-867cb9cbc8-8tswc,resizeImage,1684862892705230820,1684862892727794161,22563
3ed8268224b3ce92ecf9a9d3016af3c7,71d17fc2c70088ca,root,resize-867cb9cbc8-8tswc,resizeImage,1684862892557962222,1684862892587645916,29683
0bc18da07e21f121bc811f0f7e2486b1,747121e9133355d3,root,resize-867cb9cbc8-8tswc,resizeImage,1684862910039235158,1684862910073724383,34489
f7cddb9074f33e68735e94e18ff66ced,7e5e3251058f7c00,root,resize-867cb9cbc8-8tswc,resizeImage,1684862908667905605,1684862908689525374,21619
7986a1dd05a83a3812f11f5e80bbaa9c,d830a8bf8681a711,root,resize-867cb9cbc8-8tswc,resizeImage,1684862892142323194,1684862892175544181,33220
c835caf25508f8d96a9a6d46b812eac9,c41e3efae88708c1,root,resize-867cb9cbc8-8tswc,resizeImage,1684862905319698793,1684862905352965784,33266
673545ca5bd182738aed86bd69683dd4,9c1ad9036a5dd3ab,root,resize-867cb9cbc8-8tswc,resizeImage,1684862891091437797,1684862891118268092,26830
353b5e66903f1a7752a7630f8f680ca0,a0399f7d82c271eb,root,resize-867cb9cbc8-8tswc,resizeImage,1684862907982551919,1684862908011536936,28985
724701106abe6e0460e020a6be4cdc3f,88b02a88446dbe76,root,resize-867cb9cbc8-8tswc,resizeImage,1684862906820024097,1684862906856411961,36387
ad0eb5a902be12427456f2b2f638274d,800666ce28dcd7f0,root,resize-867cb9cbc8-8tswc,resizeImage,1684862909344794919,1684862909366049915,21254
4d09e90ac880adab89d16a49e765a103,2a875ec14404ea7f,root,resize-867cb9cbc8-8tswc,resizeImage,1684862906722979821,1684862906743017655,20037
a6c166d30079307767cf8131d109ec0f,ee814ec2140208f9,root,resize-867cb9cbc8-8tswc,resizeImage,1684862906175253695,1684862906204283373,29029
27cc7d9e94fce9692de4b2cf62af274a,f11ea558c00beb26,root,resize-867cb9cbc8-8tswc,resizeImage,1684862919473082628,1684862919508621451,35538
6a1c4cd4d9d44a677a70838e8070d71c,64f5cf456f43a74c,root,resize-867cb9cbc8-8tswc,resizeImage,1684862919492298286,1684862919522332472,30034
6b5ca30b6dfcf99751131ada1737262d,cc0ea26d7044b442,root,resize-867cb9cbc8-8tswc,resizeImage,1684862916413251607,1684862916442015089,28763
1efb78c1ef3d14efcf4756be22f716cb,009ecb7d2f2121e7,root,resize-867cb9cbc8-8tswc,resizeImage,1684862905131938646,1684862905167329822,35391
04bd64714f49f26051524d21a12a96fc,7a1af19e27c6d0c3,root,resize-867cb9cbc8-8tswc,resizeImage,1684862902835551258,1684862902856728478,21177
8c95a3e221d667329eb68f7486daf921,79c08a90f0ba19b0,root,resize-867cb9cbc8-8tswc,resizeImage,1684862914605465234,1684862914643811502,38346
afe64200a1615c3461e4fb03af04c621,0b4819f3510b7015,root,resize-867cb9cbc8-8tswc,resizeImage,1684862902639923559,1684862902661291914,21368
2ec9251eb477ea0d7a7ce91ec2f808aa,591b7b560430eb3c,root,resize-867cb9cbc8-8tswc,resizeImage,1684862901147769588,1684862901171288545,23518
dc708ceba3dbd4d0f4839ca3a4aa2199,1926fc67a97fb4e4,root,resize-867cb9cbc8-8tswc,resizeImage,1684862903146885263,1684862903181961566,35076
1b985d475c74433cde83db4fcfa9621b,f22de17eee2e620a,root,resize-867cb9cbc8-8tswc,resizeImage,1684862917694926049,1684862917726191151,31265
2f73789c2137951c4e675292984ec92b,75a4a7a9ca83d287,root,resize-867cb9cbc8-8tswc,resizeImage,1684862917567211738,1684862917599616096,32404
049bdf89c35eb3470a0951dc1f23ff5e,9c0213f3d21ce634,root,resize-867cb9cbc8-8tswc,resizeImage,1684862917816179993,1684862917846983625,30803
0e5049af69804fab4fd398b4039ef02d,9b5aec98f4eecf92,root,resize-867cb9cbc8-8tswc,resizeImage,1684862919918423369,1684862919954230613,35807
7d346e12a2f5f8fcc707ff0f87e7e6f0,da109e5d82efe6d9,root,resize-867cb9cbc8-8tswc,resizeImage,1684862901591444481,1684862901619918848,28474
0916014eb01b38ce2eef6dc46ecae638,af26ffe8bbd88454,root,resize-867cb9cbc8-8tswc,resizeImage,1684862903455678253,1684862903486832233,31153
aaaf5e156ce948f13c4d5db5cad08abd,3fc7b8c8ad71b4f9,root,resize-867cb9cbc8-8tswc,resizeImage,1684862919851386856,1684862919883657732,32270
71751cd5ba7bd617d7059fa4660b6cef,fd6003a4fa04e36f,root,resize-867cb9cbc8-8tswc,resizeImage,1684862919807820952,1684862919837933210,30112
d2ca1de3148b35aa6125e188282f65ed,f64be1c48c3d7cce,root,resize-867cb9cbc8-8tswc,resizeImage,1684862916174458389,1684862916201782160,27323
be82c78b399276759cdc8f9f12202c09,471a9b0ad2ac79fb,root,resize-867cb9cbc8-8tswc,resizeImage,1684862902111707517,1684862902132477044,20769
8da96fe523cd13541705994db4d3bd01,41db1cd5b4e43d56,root,resize-867cb9cbc8-8tswc,resizeImage,1684862914587111323,1684862914617744098,30632
9f89d2311609cd0c124a49018e99c267,f6b240d728669a28,root,resize-867cb9cbc8-8tswc,resizeImage,1684862911099284697,1684862911127752112,28467
0620f9f3cce76784cd5ba0abe3d53d31,44982950b6d02744,root,resize-867cb9cbc8-8tswc,resizeImage,1684862929936841752,1684862929965937450,29095
f0005b14e0e9f7222e55796cde8f78ac,692fe194c4df3ad0,root,resize-867cb9cbc8-8tswc,resizeImage,1684862927779345842,1684862927808395710,29049
e1ddaed1a6cb580bce818a2b81bcf630,cdd33919c9f42fa0,root,resize-867cb9cbc8-8tswc,resizeImage,1684862926771687254,1684862926804828307,33141
d47b740229b53799f6441ddd8361334c,feeb545e88404c2d,root,resize-867cb9cbc8-8tswc,resizeImage,1684862925939219922,1684862925967970048,28750
9c72998a5efa69f28590abfcadd81525,4ba222c719983a5b,root,resize-867cb9cbc8-8tswc,resizeImage,1684862913387751298,1684862913410052123,22300
dba9bf1cf13cc1266f281c56369e3ba8,c3725f3a5f3aac16,root,resize-867cb9cbc8-8tswc,resizeImage,1684862925539831023,1684862925567381139,27550
a8e3583e5c2e26444c1aba5ef5243dfe,c919e1667954a23b,root,resize-867cb9cbc8-8tswc,resizeImage,1684862911275154105,1684862911297231030,22076
7da0f6e43190504beb8d2b999db7dcc4,cc39f4c585321a55,root,resize-867cb9cbc8-8tswc,resizeImage,1684862929319844455,1684862929352549792,32705
b479c4f5d2019c25aef737be765ad024,bc8641a68782019b,root,resize-867cb9cbc8-8tswc,resizeImage,1684862925551793602,1684862925586553597,34759
bdb02f95af3398967dfdedc3404460c5,08ad763155dffb9e,root,resize-867cb9cbc8-8tswc,resizeImage,1684862929783209283,1684862929816149478,32940
cc8551333ee7cf2b8d52ecb738042db4,88f2b6a9966d7eb5,root,resize-867cb9cbc8-8tswc,resizeImage,1684862912194989583,1684862912229391348,34401
97c666dd477e846f9fccaee3a29c2c2b,3e5b5c6e8a7f4143,root,resize-867cb9cbc8-8tswc,resizeImage,1684862929863377930,1684862929893694959,30317
3f06a0dee49ab10b63dad6bea6dae631,5f959b486f58fc4f,root,resize-867cb9cbc8-8tswc,resizeImage,1684862928856277794,1684862928903425983,47148
281344cefe27c9933f8c277809284530,fca9103698439348,root,resize-867cb9cbc8-8tswc,resizeImage,1684862913461891512,1684862913496278321,34386
0a8f89f6ca34ab7b36f4adccf4fc419d,216965e81a00604a,root,resize-867cb9cbc8-8tswc,resizeImage,1684862914003613116,1684862914039741824,36128
ba0ed8d1a8fefe5495d7736562b166c0,d8cc40508bf60906,root,resize-867cb9cbc8-8tswc,resizeImage,1684862928227758832,1684862928249717823,21958
08f7800ba698532827ca3a1afec91eb4,acf8f320cba0251a,root,resize-867cb9cbc8-8tswc,resizeImage,1684862926479603051,1684862926508091493,28488
746085bdaba828c90b89c57cb463dee8,9c27f8bb9b5c7a2b,root,resize-867cb9cbc8-8tswc,resizeImage,1684862912416908185,1684862912446005333,29097
43586046e1beaf183206ea2475a6fcf5,c20c29c74fc36de6,root,resize-867cb9cbc8-8tswc,resizeImage,1684862927039121778,1684862927072089813,32968
45ffc8371d82d2933965595ee3b1a89a,07e524265ab0b3e9,root,resize-867cb9cbc8-8tswc,resizeImage,1684862939687649591,1684862939715905478,28255
bd734d0e23852a99fb885b0e8096ccc6,b49fcbc1b9df1800,root,resize-867cb9cbc8-8tswc,resizeImage,1684862936440783620,1684862936476990338,36206
ebb294cb89d09796635d16119e20d184,a05385fd94a9790d,root,resize-867cb9cbc8-8tswc,resizeImage,1684862923408865190,1684862923437121248,28256
b057027dd5cfdc60ac789088ad508270,a83ef73574d0cbfe,root,resize-867cb9cbc8-8tswc,resizeImage,1684862937575565354,1684862937604222556,28657
708ee75edc21dbb320c62f9f1af51e01,d8a387f73de73903,root,resize-867cb9cbc8-8tswc,resizeImage,1684862937759865909,1684862937784794155,24928
d5ca0d6b498c7f45e1f337a4659f8d61,639882653255a9d9,root,resize-867cb9cbc8-8tswc,resizeImage,1684862939416149746,1684862939436570140,20420
c23473adb4ff5b38ac7db751dde82ad5,bde6beec92c6c832,root,resize-867cb9cbc8-8tswc,resizeImage,1684862924483132827,1684862924504027871,20895
63a45ff1395bdeb055bbc3bd05df4328,09178406726dbe30,root,resize-867cb9cbc8-8tswc,resizeImage,1684862923210296215,1684862923243396680,33100
8eaa3eaa9ccff05ff3f0c17271000a5b,00e747100f97d2ec,root,resize-867cb9cbc8-8tswc,resizeImage,1684862924595400911,1684862924616431006,21030
a32ab49814d0b99a3c8fec27d6a0c98a,57173274193b14e7,root,resize-867cb9cbc8-8tswc,resizeImage,1684862934887940983,1684862934925842879,37901
be0b5ed31b76e62b4877be340f7403ed,96e42bb81b3e8b2e,root,resize-867cb9cbc8-8tswc,resizeImage,1684862923016297033,1684862923049596246,33299
34af8bf822556872db06abe87d4cf836,7480df481b9d0152,root,resize-867cb9cbc8-8tswc,resizeImage,1684862935905219850,1684862935956373732,51153
b975d0504ce67d467cc2468716ac1bee,f678fae06625056f,root,resize-867cb9cbc8-8tswc,resizeImage,1684862923364679347,1684862923387904168,23224
8ab6e8b48ea1697a5417603f078375ad,e5ab98300bf573de,root,resize-867cb9cbc8-8tswc,resizeImage,1684862936563553359,1684862936595835255,32281
41f277184bd01157d178d9203dfb744b,4474333b0fbc7966,root,resize-867cb9cbc8-8tswc,resizeImage,1684862937670282353,1684862937697436402,27154
fdfcb98c8a151cdbf8eafe337069916b,98cb9dbd247073a2,root,resize-867cb9cbc8-8tswc,resizeImage,1684862921365323093,1684862921395466861,30143
1a26d2c302a07d00b6f0e21b79501d47,da946e1c1c8210c6,root,resize-867cb9cbc8-8tswc,resizeImage,1684862923727474172,1684862923757734878,30260
00e5f0f079366cb134c43265057eb53b,09619b49e558684b,root,resize-867cb9cbc8-8tswc,resizeImage,1684862938111189302,1684862938133337124,22147
6c371902902e67a29536eebfb34a7d22,4b019c2ac2070d2d,root,resize-867cb9cbc8-8tswc,resizeImage,1684862935208840783,1684862935230052014,21211
cf8689b512ef88482092d197f62d3623,fb309ecb3b6f6af5,root,resize-867cb9cbc8-8tswc,resizeImage,1684862921211402964,1684862921239713808,28310
05402728a680e13bde68a920909d4464,db4f57484a56b534,root,resize-867cb9cbc8-8tswc,resizeImage,1684862932795327844,1684862932816771313,21443
057d6ca66df821f46508b182f854939c,dc71b1d219150370,root,resize-867cb9cbc8-8tswc,resizeImage,1684862931207580968,1684862931229131703,21550
699767eef70cdd79225c900078d7c17a,9d924b7f47ecb06a,root,resize-867cb9cbc8-8tswc,resizeImage,1684862934512197168,1684862934540865216,28668
e58729cd5cd4cc8c417ed5800c827245,d2eb03b08851921c,root,resize-867cb9cbc8-8tswc,resizeImage,1684862933671573490,1684862933703571927,31998
524d47434d8cd30b11779e632130a7a4,41bc7625cb5a947b,root,resize-867cb9cbc8-8tswc,resizeImage,1684862934153283524,1684862934185960978,32677
ef497cb20f0b96e9a668e0e7ea4e3952,a8d3ffbc7e729ae3,root,resize-867cb9cbc8-8tswc,resizeImage,1684862931583077058,1684862931603006864,19929
12d7b95828556ef370d226c6c886e9e9,a2b914b2c64b9ce7,root,resize-867cb9cbc8-8tswc,resizeImage,1684862932820197028,1684862932854229376,34032
3c31c5373b18534f161b4db72a7acc76,fb4339f2890aaecb,root,resize-867cb9cbc8-8tswc,resizeImage,1684862931354845158,1684862931375541317,20696
1e6ac0241b85062a293aca115914c1c1,c90b5d5561621243,root,resize-867cb9cbc8-8tswc,resizeImage,1684862932624781881,1684862932655177747,30395
