TraceID,SpanID,ParentID,PodName,OperationName,StartTimeUnixNano,EndTimeUnixNano,Duration
e871303586cd5a18a8715c33fe343a47,88509ebf0bcc3789,root,resize-57746556f-7mv58,resizeImage,1679999094280647090,1679999094324134084,43486
e871303586cd5a18a8715c33fe343a47,4f87b798946be6e9,88509ebf0bcc3789,resize-57746556f-7mv58,loadImage,1679999094280856650,1679999094324081009,43224
55c8f16a6fc62d4e6964f92951173a9e,b8cd461d986e7453,root,resize-57746556f-7mv58,resizeImage,1679999099443660379,1679999099566156065,122495
55c8f16a6fc62d4e6964f92951173a9e,ff2dc565100e3847,b8cd461d986e7453,resize-57746556f-7mv58,loadImage,1679999099443883934,1679999099566113688,122229
604a939639f0eafc644c8253971d8286,49f40f6129199a43,root,resize-57746556f-7mv58,resizeImage,1679999099017128195,1679999099141803886,124675
604a939639f0eafc644c8253971d8286,4e174c543dfa9444,49f40f6129199a43,resize-57746556f-7mv58,loadImage,1679999099017309234,1679999099141755010,124445
f38d4a2a863721e4a32a826ce6c7899a,7dde1d94be7889d1,root,resize-57746556f-7mv58,resizeImage,1679999097198377334,1679999097236998205,38620
f38d4a2a863721e4a32a826ce6c7899a,ebf327a88ee04e5b,7dde1d94be7889d1,resize-57746556f-7mv58,loadImage,1679999097198587609,1679999097236954572,38366
7dc67f5f3dc3d12a55754d6ea7a1ab28,4047656acb20e606,root,resize-57746556f-7mv58,resizeImage,1679999095335849951,1679999095370026380,34176
7dc67f5f3dc3d12a55754d6ea7a1ab28,08b16d8ff727a6cf,4047656acb20e606,resize-57746556f-7mv58,loadImage,1679999095336138524,1679999095369992437,33853
7aa064b6c7bcfd0c98c4a498f784d48e,bf19d4a7fa4d6629,root,resize-57746556f-7mv58,resizeImage,1679999098176669252,1679999098298640988,121971
7aa064b6c7bcfd0c98c4a498f784d48e,85944f0096b63aea,bf19d4a7fa4d6629,resize-57746556f-7mv58,loadImage,1679999098176861705,1679999098298601695,121739
dc54ec310fecaafffbcfcd0a84413d9c,5cbab26b989370ff,root,resize-57746556f-7mv58,resizeImage,1679999099020690858,1679999099144543251,123852
dc54ec310fecaafffbcfcd0a84413d9c,4cd3b5015a3060aa,5cbab26b989370ff,resize-57746556f-7mv58,loadImage,1679999099020864026,1679999099144482687,123618
f468c1058e8b9f9e9191eac8f24d5889,9797833b0c635d48,root,resize-57746556f-7mv58,resizeImage,1679999096186838197,1679999096221532234,34694
f468c1058e8b9f9e9191eac8f24d5889,831b4e67abaf3cf2,9797833b0c635d48,resize-57746556f-7mv58,loadImage,1679999096187037314,1679999096221485820,34448
