TraceID,SpanID,ParentID,PodName,OperationName,StartTimeUnixNano,EndTimeUnixNano,Duration
d742d1c326d4890a056934058be45cd1,a47a4c96ebe3ce7a,root,mobilenet-54d99f478c-t8jft,mobilenet,1685506446726371481,1685506447577308332,850936
d742d1c326d4890a056934058be45cd1,31fe7383972e4e35,a47a4c96ebe3ce7a,mobilenet-54d99f478c-t8jft,resizeTargetSize,1685506446781446034,1685506447577263917,795817
0e5342e6f2ef8105e2bd5c8c5a7e6d42,a018efc29ef2fcea,root,mobilenet-54d99f478c-t8jft,mobilenet,1685506445055123673,1685506445809303477,754179
0e5342e6f2ef8105e2bd5c8c5a7e6d42,aeec9fd8f95d0599,a018efc29ef2fcea,mobilenet-54d99f478c-t8jft,resizeTargetSize,1685506445101234518,1685506445809257764,708023
bf2e9f8c8a8fd58d06d0f6dc3746ede2,bc16d13a538d5dc2,root,mobilenet-54d99f478c-t8jft,mobilenet,1685506444167857170,1685506444974561739,806704
bf2e9f8c8a8fd58d06d0f6dc3746ede2,a14ca934b6955930,bc16d13a538d5dc2,mobilenet-54d99f478c-t8jft,resizeTargetSize,1685506444210375085,1685506444974518009,764142
9072086b1b19c6b820e66096cc2ae58a,c78913f21e621828,root,mobilenet-54d99f478c-t8jft,mobilenet,1685506442163702996,1685506442978336082,814633
9072086b1b19c6b820e66096cc2ae58a,ad6b83a0630ccc02,c78913f21e621828,mobilenet-54d99f478c-t8jft,resizeTargetSize,1685506442203076409,1685506442978290334,775213
dd9b49d3b4548e4f44b1b46216485f19,8c403532d4126069,root,mobilenet-54d99f478c-t8jft,mobilenet,1685506447239907080,1685506448026923612,787016
dd9b49d3b4548e4f44b1b46216485f19,27b7023dfd91d52f,8c403532d4126069,mobilenet-54d99f478c-t8jft,resizeTargetSize,1685506447283397876,1685506448026882738,743484
ef88bdf54d20859ce5ae07c31bb04aab,935fed0b77846429,root,mobilenet-54d99f478c-t8jft,mobilenet,1685506442736103271,1685506443478900801,742797
ef88bdf54d20859ce5ae07c31bb04aab,ebf3b37630595a92,935fed0b77846429,mobilenet-54d99f478c-t8jft,resizeTargetSize,1685506442777809517,1685506443478857608,701048
c63e3584a4e002e8166850b022963634,a28a3348f7750ea2,root,mobilenet-54d99f478c-t8jft,mobilenet,1685506441605775813,1685506442401170813,795395
c63e3584a4e002e8166850b022963634,fef87af040e0d059,a28a3348f7750ea2,mobilenet-54d99f478c-t8jft,resizeTargetSize,1685506441655512286,1685506442401126397,745614
163e6d19eb0a1ae57c32dd79f77cbefd,e7c4266fe0202d0e,root,mobilenet-54d99f478c-t8jft,mobilenet,1685506447707216322,1685506448526970281,819753
163e6d19eb0a1ae57c32dd79f77cbefd,3301874b23571b4a,e7c4266fe0202d0e,mobilenet-54d99f478c-t8jft,resizeTargetSize,1685506447762412037,1685506448526924111,764512
d7a95b80318e1c8d97e535890109942e,af26480eae0b29eb,root,mobilenet-54d99f478c-t8jft,mobilenet,1685506448399467480,1685506449155173545,755706
d7a95b80318e1c8d97e535890109942e,6dfc9709b08f20cd,af26480eae0b29eb,mobilenet-54d99f478c-t8jft,resizeTargetSize,1685506448445967194,1685506449155126049,709158
08214750e9c2860d8a69d9188fcb42c6,6dd443db8a306eef,root,mobilenet-54d99f478c-t8jft,mobilenet,1685506442159728687,1685506442993838936,834110
08214750e9c2860d8a69d9188fcb42c6,067dc37d08d990cf,6dd443db8a306eef,mobilenet-54d99f478c-t8jft,resizeTargetSize,1685506442202500256,1685506442989783256,787283
6472e944ff658428c22344bbb5eafcc9,6a3089b31d7f1712,root,mobilenet-54d99f478c-t8jft,mobilenet,1685506449008996574,1685506449837303055,828306
6472e944ff658428c22344bbb5eafcc9,5012b5fbce5c4893,6a3089b31d7f1712,mobilenet-54d99f478c-t8jft,resizeTargetSize,1685506449057460970,1685506449837257655,779796
a8cf8f010ae9e27555a8df78818b3c71,bb08788131647c09,root,mobilenet-54d99f478c-t8jft,mobilenet,1685506439836802557,1685506440620857145,784054
a8cf8f010ae9e27555a8df78818b3c71,2c7ced407b9f28ab,bb08788131647c09,mobilenet-54d99f478c-t8jft,resizeTargetSize,1685506439879880702,1685506440620810701,740929
b3fcccca22d4161d35ebab1b3ed5a9d8,49e4478cc8253fc6,root,mobilenet-54d99f478c-t8jft,mobilenet,1685506444667465132,1685506445454955539,787490
b3fcccca22d4161d35ebab1b3ed5a9d8,477c65c484af3fc7,49e4478cc8253fc6,mobilenet-54d99f478c-t8jft,resizeTargetSize,1685506444720440649,1685506445454910926,734470
f699cc7c8114aa663f9f57e04f897822,58f311ff409888b8,root,mobilenet-54d99f478c-t8jft,mobilenet,1685506443682027944,1685506444498578624,816550
f699cc7c8114aa663f9f57e04f897822,e350dd761e000067,58f311ff409888b8,mobilenet-54d99f478c-t8jft,resizeTargetSize,1685506443731595033,1685506444498533044,766938
38d22e00691d828c616594b29ee5c875,55b8888923887fec,root,mobilenet-54d99f478c-t8jft,mobilenet,1685506458811996810,1685506459631278702,819281
38d22e00691d828c616594b29ee5c875,21fc50cca12bb936,55b8888923887fec,mobilenet-54d99f478c-t8jft,resizeTargetSize,1685506458875118115,1685506459631232220,756114
fba2b79ff29ee58d6e49db05bf46bcf7,e6701ef273e7b354,root,mobilenet-54d99f478c-t8jft,mobilenet,1685506444071738487,1685506444891552320,819813
fba2b79ff29ee58d6e49db05bf46bcf7,44c3347540c1e2b7,e6701ef273e7b354,mobilenet-54d99f478c-t8jft,resizeTargetSize,1685506444129980590,1685506444891503104,761522
d6c0f9eefe4a33dae574d1188838c896,751678fab4d296c7,root,mobilenet-54d99f478c-t8jft,mobilenet,1685506457020288557,1685506457801452418,781163
d6c0f9eefe4a33dae574d1188838c896,28603fe26f7c23f8,751678fab4d296c7,mobilenet-54d99f478c-t8jft,resizeTargetSize,1685506457059651431,1685506457801393676,741742
a422a689af0589a959ed1b167dcbac86,badbc3e193b0d682,root,mobilenet-54d99f478c-t8jft,mobilenet,1685506447024593247,1685506447787936362,763343
a422a689af0589a959ed1b167dcbac86,1301192ff4b929e3,badbc3e193b0d682,mobilenet-54d99f478c-t8jft,resizeTargetSize,1685506447064666487,1685506447787889732,723223
dc8cda7d284a1d52aabe5d1da74948d3,31e33c19c07aa649,root,mobilenet-54d99f478c-t8jft,mobilenet,1685506457636344919,1685506458442547755,806202
dc8cda7d284a1d52aabe5d1da74948d3,9c6b5ce3a6fd3bc7,31e33c19c07aa649,mobilenet-54d99f478c-t8jft,resizeTargetSize,1685506457673087780,1685506458442503939,769416
ae3fa72433862b1cde37f81bee35d179,ffd30d203fc2d63b,root,mobilenet-54d99f478c-t8jft,mobilenet,1685506440956307111,1685506441707675785,751368
ae3fa72433862b1cde37f81bee35d179,536832436f0a69d0,ffd30d203fc2d63b,mobilenet-54d99f478c-t8jft,resizeTargetSize,1685506440998455794,1685506441707630694,709174
b797273816c4f049bf4bac3bf63fe1f2,4bed86edf4927244,root,mobilenet-54d99f478c-t8jft,mobilenet,1685506456839680329,1685506457624123069,784442
b797273816c4f049bf4bac3bf63fe1f2,f7b66158ac0b783c,4bed86edf4927244,mobilenet-54d99f478c-t8jft,resizeTargetSize,1685506456881158559,1685506457624060752,742902
caca66e0026776bcf925ad1432e76371,6481ed21b8587823,root,mobilenet-54d99f478c-t8jft,mobilenet,1685506467004049616,1685506467815981316,811931
caca66e0026776bcf925ad1432e76371,e1277b38768e47ce,6481ed21b8587823,mobilenet-54d99f478c-t8jft,resizeTargetSize,1685506467052920674,1685506467815933430,763012
9c1d656b035002963e175d4fe48cb253,519f7ecf259f86f7,root,mobilenet-54d99f478c-t8jft,mobilenet,1685506466751310309,1685506467518890762,767580
9c1d656b035002963e175d4fe48cb253,c22d393c40f5b76c,519f7ecf259f86f7,mobilenet-54d99f478c-t8jft,resizeTargetSize,1685506466790113776,1685506467518845013,728731
bf5428e5d33f94a6bd26d36f25093bfc,01ec5e523a2dc921,root,mobilenet-54d99f478c-t8jft,mobilenet,1685506468276743713,1685506469016799020,740055
bf5428e5d33f94a6bd26d36f25093bfc,4e417ee6e89386e9,01ec5e523a2dc921,mobilenet-54d99f478c-t8jft,resizeTargetSize,1685506468316436247,1685506469016729027,700292
18dfdbdca27391acc5c9fc2076af294c,2aef4a79608383f8,root,mobilenet-54d99f478c-t8jft,mobilenet,1685506449524170774,1685506450327098282,802927
18dfdbdca27391acc5c9fc2076af294c,0c413bbabdd01666,2aef4a79608383f8,mobilenet-54d99f478c-t8jft,resizeTargetSize,1685506449568348082,1685506450327052511,758704
9500f8af8d93164e273876fd581ee0d6,9f1b530f8694b4bc,root,mobilenet-54d99f478c-t8jft,mobilenet,1685506452791601853,1685506453594928485,803326
9500f8af8d93164e273876fd581ee0d6,b55c0b645e7779f9,9f1b530f8694b4bc,mobilenet-54d99f478c-t8jft,resizeTargetSize,1685506452844132720,1685506453594881971,750749
dd9b2d87eb558265fbd2f9ad9f18902e,e5f802bf48d1fa10,root,mobilenet-54d99f478c-t8jft,mobilenet,1685506453789246703,1685506454569436289,780189
dd9b2d87eb558265fbd2f9ad9f18902e,c60e63b86dad1221,e5f802bf48d1fa10,mobilenet-54d99f478c-t8jft,resizeTargetSize,1685506453824478282,1685506454569380324,744902
eda9bdcdc80fe9c63bee56a57fc63113,34525753195fa773,root,mobilenet-54d99f478c-t8jft,mobilenet,1685506467243284980,1685506468046720362,803435
eda9bdcdc80fe9c63bee56a57fc63113,2dee8c26bcc88a4e,34525753195fa773,mobilenet-54d99f478c-t8jft,resizeTargetSize,1685506467294594103,1685506468046675000,752080
b69231e8d53824a359df206b2582165d,8d33223283a36730,root,mobilenet-54d99f478c-t8jft,mobilenet,1685506455367365615,1685506456168609880,801244
b69231e8d53824a359df206b2582165d,e33ed5de55d537f6,8d33223283a36730,mobilenet-54d99f478c-t8jft,resizeTargetSize,1685506455407303924,1685506456168567356,761263
04029ec1e993d441ba2c60c38bdb6ac5,f5c396a843496e45,root,mobilenet-54d99f478c-t8jft,mobilenet,1685506450601643036,1685506451347148023,745504
04029ec1e993d441ba2c60c38bdb6ac5,8db9402874002ad6,f5c396a843496e45,mobilenet-54d99f478c-t8jft,resizeTargetSize,1685506450644245759,1685506451347107044,702861
bd49ac8e6305b996bf737c9bba28938c,82844d2f3e764255,root,mobilenet-54d99f478c-t8jft,mobilenet,1685506454699600712,1685506455492915760,793315
bd49ac8e6305b996bf737c9bba28938c,c6ed60df7e50c4b3,82844d2f3e764255,mobilenet-54d99f478c-t8jft,resizeTargetSize,1685506454736468927,1685506455492839883,756370
d7f9c4601eeda065f4fa848ea930d129,a765aea895acc2f7,root,mobilenet-54d99f478c-t8jft,mobilenet,1685506466455668293,1685506467241742537,786074
d7f9c4601eeda065f4fa848ea930d129,146d54a089dc0fa7,a765aea895acc2f7,mobilenet-54d99f478c-t8jft,resizeTargetSize,1685506466491490901,1685506467241693147,750202
421a6891fdc1da8b44a6d581eaa216e6,42c0ce1006687a71,root,mobilenet-54d99f478c-t8jft,mobilenet,1685506468903312126,1685506469709281780,805969
421a6891fdc1da8b44a6d581eaa216e6,d96471156c6cf3d7,42c0ce1006687a71,mobilenet-54d99f478c-t8jft,resizeTargetSize,1685506468951010602,1685506469709233726,758223
94ce5ebe20eba5bf2772a16125eae919,04cfccc70aab61d5,root,mobilenet-54d99f478c-t8jft,mobilenet,1685506455889085764,1685506456746559372,857473
94ce5ebe20eba5bf2772a16125eae919,a051a41b0d011ba6,04cfccc70aab61d5,mobilenet-54d99f478c-t8jft,resizeTargetSize,1685506455942807379,1685506456746510767,803703
8157fa22377b35e37e57d9c2edc6690d,8075b5b58a9a2a2a,root,mobilenet-54d99f478c-t8jft,mobilenet,1685506452655697143,1685506453455366012,799668
8157fa22377b35e37e57d9c2edc6690d,8f4bda0b8b690320,8075b5b58a9a2a2a,mobilenet-54d99f478c-t8jft,resizeTargetSize,1685506452698888573,1685506453455321265,756432
1f4642e6e65834175e6552bb87e20d96,dbc7633d99e24539,root,mobilenet-54d99f478c-t8jft,mobilenet,1685506453367675601,1685506454195737151,828061
1f4642e6e65834175e6552bb87e20d96,5ca0672f8cbe8c67,dbc7633d99e24539,mobilenet-54d99f478c-t8jft,resizeTargetSize,1685506453417198270,1685506454195693661,778495
95eaf905cdf8ab002316fd0caf705742,3e6fc1f9e95c3fed,root,mobilenet-54d99f478c-t8jft,mobilenet,1685506454864169483,1685506455646946289,782776
95eaf905cdf8ab002316fd0caf705742,918cc023d227e99c,3e6fc1f9e95c3fed,mobilenet-54d99f478c-t8jft,resizeTargetSize,1685506454903972490,1685506455646886130,742913
32f2a848dbfcedd800fe48c04db1796c,30501be8cf3741c8,root,mobilenet-54d99f478c-t8jft,mobilenet,1685506453265969083,1685506454098503226,832534
32f2a848dbfcedd800fe48c04db1796c,db86e50795e31997,30501be8cf3741c8,mobilenet-54d99f478c-t8jft,resizeTargetSize,1685506453300182810,1685506454098460433,798277
c7bf96b81a08b585588ad80f62b5f0c4,fc099a8a79e0eb62,root,mobilenet-54d99f478c-t8jft,mobilenet,1685506455619382361,1685506456431323705,811941
c7bf96b81a08b585588ad80f62b5f0c4,ac41f82754989e27,fc099a8a79e0eb62,mobilenet-54d99f478c-t8jft,resizeTargetSize,1685506455679091923,1685506456431279652,752187
39aacec26d739d4a1a89f44a5d7dd952,a9561619fc3e06f3,root,mobilenet-54d99f478c-t8jft,mobilenet,1685506450209003831,1685506451006782953,797779
39aacec26d739d4a1a89f44a5d7dd952,f7330597b5ed6493,a9561619fc3e06f3,mobilenet-54d99f478c-t8jft,resizeTargetSize,1685506450252942757,1685506451006724045,753781
cff7f5d205a253dba34920eafb8a1447,e56ef52717673203,root,mobilenet-54d99f478c-t8jft,mobilenet,1685506460125941088,1685506460936921040,810979
cff7f5d205a253dba34920eafb8a1447,2a16f6d065e555b4,e56ef52717673203,mobilenet-54d99f478c-t8jft,resizeTargetSize,1685506460166803021,1685506460936857082,770054
04996a57730d95386838df90414039ab,3372795f87e3dece,root,mobilenet-54d99f478c-t8jft,mobilenet,1685506478046662291,1685506478820066702,773404
04996a57730d95386838df90414039ab,433096735056e711,3372795f87e3dece,mobilenet-54d99f478c-t8jft,resizeTargetSize,1685506478090566715,1685506478819995789,729429
aacea9fab0326d9b4b905920df1a526f,46209cac24222601,root,mobilenet-54d99f478c-t8jft,mobilenet,1685506464228261905,1685506464977676350,749414
aacea9fab0326d9b4b905920df1a526f,d09188275f0c1806,46209cac24222601,mobilenet-54d99f478c-t8jft,resizeTargetSize,1685506464265985131,1685506464977613121,711627
2c8a8954a8cede6b493019a6bf3cc2a5,6081e2f63f7b24d3,root,mobilenet-54d99f478c-t8jft,mobilenet,1685506459917354332,1685506460761610240,844255
2c8a8954a8cede6b493019a6bf3cc2a5,3e9578f464996dc6,6081e2f63f7b24d3,mobilenet-54d99f478c-t8jft,resizeTargetSize,1685506459949785040,1685506460761540880,811755
200a82d7080743ea1377fa502746592d,4f835b2866684f21,root,mobilenet-54d99f478c-t8jft,mobilenet,1685506476662555695,1685506477458996246,796440
200a82d7080743ea1377fa502746592d,918935859d136851,4f835b2866684f21,mobilenet-54d99f478c-t8jft,resizeTargetSize,1685506476709298136,1685506477458951386,749653
300a69d518196d04cc08c0b93e8accb9,18913de9d0eb4426,root,mobilenet-54d99f478c-t8jft,mobilenet,1685506462728635083,1685506463510087822,781452
300a69d518196d04cc08c0b93e8accb9,c4f3ff09c87e24ba,18913de9d0eb4426,mobilenet-54d99f478c-t8jft,resizeTargetSize,1685506462768729702,1685506463510042083,741312
509f6ac070a567f55667984c49477a56,0b9f20fdce2412ac,root,mobilenet-54d99f478c-t8jft,mobilenet,1685506477998049924,1685506478780615937,782566
509f6ac070a567f55667984c49477a56,0b087446ba38cca2,0b9f20fdce2412ac,mobilenet-54d99f478c-t8jft,resizeTargetSize,1685506478038337129,1685506478780535907,742198
eee1f969b336074f3a888ef4839b7186,a1b227308f125742,root,mobilenet-54d99f478c-t8jft,mobilenet,1685506475663274990,1685506476455350274,792075
eee1f969b336074f3a888ef4839b7186,8ae4cdb1fa83d5f4,a1b227308f125742,mobilenet-54d99f478c-t8jft,resizeTargetSize,1685506475706338085,1685506476455309120,748971
d69a31d1c9fb5287003a3e62acbe1362,de13405fbc23254a,root,mobilenet-54d99f478c-t8jft,mobilenet,1685506464744245757,1685506465588124100,843878
d69a31d1c9fb5287003a3e62acbe1362,0ab59e3ee42ff99a,de13405fbc23254a,mobilenet-54d99f478c-t8jft,resizeTargetSize,1685506464778661254,1685506465588064893,809403
6f81e9575c3aa1df300ae4aa9dedfafc,f7f8b6090d2aea43,root,mobilenet-54d99f478c-t8jft,mobilenet,1685506461047540192,1685506461838635796,791095
6f81e9575c3aa1df300ae4aa9dedfafc,31ebe558e4a0ff8c,f7f8b6090d2aea43,mobilenet-54d99f478c-t8jft,resizeTargetSize,1685506461091587927,1685506461838589310,747001
f421e061e89bbb99426a2bf0bc8130d8,5db3509091e16c58,root,mobilenet-54d99f478c-t8jft,mobilenet,1685506476219240950,1685506476956793237,737552
f421e061e89bbb99426a2bf0bc8130d8,239382224091b01d,5db3509091e16c58,mobilenet-54d99f478c-t8jft,resizeTargetSize,1685506476260158896,1685506476956749722,696590
e43515a4a707a9552938b96599134608,42f2dc42430ba098,root,mobilenet-54d99f478c-t8jft,mobilenet,1685506462570313232,1685506463378494564,808181
e43515a4a707a9552938b96599134608,c6b2a9a6e0966f63,42f2dc42430ba098,mobilenet-54d99f478c-t8jft,resizeTargetSize,1685506462620020986,1685506463378446918,758425
ba3e7d860df17023d001af433d66776a,ec2e2b9bf41170d3,root,mobilenet-54d99f478c-t8jft,mobilenet,1685506459579385598,1685506460393298830,813913
ba3e7d860df17023d001af433d66776a,1d9ed38ad0d203a3,ec2e2b9bf41170d3,mobilenet-54d99f478c-t8jft,resizeTargetSize,1685506459634190684,1685506460393258403,759067
12616e6fb627f2cfa69f7459a3ecbef7,1d6b9ea6e25ee50f,root,mobilenet-54d99f478c-t8jft,mobilenet,1685506479171390956,1685506479946241655,774850
12616e6fb627f2cfa69f7459a3ecbef7,cd1bf4035d74b2ce,1d6b9ea6e25ee50f,mobilenet-54d99f478c-t8jft,resizeTargetSize,1685506479210815240,1685506479946189635,735374
115ca44eadf930e2077bc0991f007e9b,7df1ea5de5d1e982,root,mobilenet-54d99f478c-t8jft,mobilenet,1685506461499304621,1685506462306460077,807155
115ca44eadf930e2077bc0991f007e9b,f07262271cebb318,7df1ea5de5d1e982,mobilenet-54d99f478c-t8jft,resizeTargetSize,1685506461553370006,1685506462306410406,753040
b464c9e4b828c3fe1c2bb2228a31581c,8c24d7ed9ee51100,root,mobilenet-54d99f478c-t8jft,mobilenet,1685506459660453325,1685506460420327909,759874
b464c9e4b828c3fe1c2bb2228a31581c,7d54d6c1916c27f0,8c24d7ed9ee51100,mobilenet-54d99f478c-t8jft,resizeTargetSize,1685506459703497038,1685506460420288661,716791
e178c5d7c40d8164ffec0545758ad8cd,8a149c5505eede05,root,mobilenet-54d99f478c-t8jft,mobilenet,1685506477691479863,1685506478530580806,839100
e178c5d7c40d8164ffec0545758ad8cd,27b0a71061379da4,8a149c5505eede05,mobilenet-54d99f478c-t8jft,resizeTargetSize,1685506477736668077,1685506478530503885,793835
fde6184bc16da95aacad53cf6bd9c06f,2f7ea14f9d163b4e,root,mobilenet-54d99f478c-t8jft,mobilenet,1685506464783168379,1685506465544521402,761353
fde6184bc16da95aacad53cf6bd9c06f,57492aa4f3dadfe1,2f7ea14f9d163b4e,mobilenet-54d99f478c-t8jft,resizeTargetSize,1685506464828369691,1685506465544477609,716107
31cbbd9cbaa234d362ffaf5bf142a8d4,66ff8f054b219a7a,root,mobilenet-54d99f478c-t8jft,mobilenet,1685506463863525436,1685506464657888371,794362
31cbbd9cbaa234d362ffaf5bf142a8d4,2f6089770db2a770,66ff8f054b219a7a,mobilenet-54d99f478c-t8jft,resizeTargetSize,1685506463907310296,1685506464657838724,750528
7618d36abc797d985a10e52d04fcb9c6,862f11a1a2211d93,root,mobilenet-54d99f478c-t8jft,mobilenet,1685506464763722077,1685506465612706837,848984
7618d36abc797d985a10e52d04fcb9c6,94c668d7682a8305,862f11a1a2211d93,mobilenet-54d99f478c-t8jft,resizeTargetSize,1685506464800861208,1685506465612663539,811802
7ebc96d7a660d351d8abe7a1cb77f898,3be79cad2aac6c9d,root,mobilenet-54d99f478c-t8jft,mobilenet,1685506483210157076,1685506483995620603,785463
7ebc96d7a660d351d8abe7a1cb77f898,ddbe5a5a30dc87a6,3be79cad2aac6c9d,mobilenet-54d99f478c-t8jft,resizeTargetSize,1685506483252992172,1685506483995574860,742582
ab1672359cfb841b2b06e12a0e68ccde,a4f0d658f968c363,root,mobilenet-54d99f478c-t8jft,mobilenet,1685506474697428086,1685506475522554551,825126
ab1672359cfb841b2b06e12a0e68ccde,ce7058ab02242c1b,a4f0d658f968c363,mobilenet-54d99f478c-t8jft,resizeTargetSize,1685506474742906494,1685506475522510612,779604
579ea5e626b77eaafd31f12d022c48cf,31839f84a09b8112,root,mobilenet-54d99f478c-t8jft,mobilenet,1685506486351852583,1685506487129316748,777464
579ea5e626b77eaafd31f12d022c48cf,d4dc70ddf020f493,31839f84a09b8112,mobilenet-54d99f478c-t8jft,resizeTargetSize,1685506486403162633,1685506487129245778,726083
3f153a3ca6cda3643ffc2c613b63acfc,c8c7b2e18665182c,root,mobilenet-54d99f478c-t8jft,mobilenet,1685506471267525951,1685506472014546286,747020
3f153a3ca6cda3643ffc2c613b63acfc,53e8a5d08affe760,c8c7b2e18665182c,mobilenet-54d99f478c-t8jft,resizeTargetSize,1685506471311441459,1685506472014502482,703061
dfbca5a48c675121423f8479a45c978b,dce407939f55140e,root,mobilenet-54d99f478c-t8jft,mobilenet,1685506484509356462,1685506485339128304,829771
dfbca5a48c675121423f8479a45c978b,fc6ad742096d2601,dce407939f55140e,mobilenet-54d99f478c-t8jft,resizeTargetSize,1685506484576238260,1685506485339075065,762836
01a65473863581c039543dc569a31767,ff96f21bfe3b4a3e,root,mobilenet-54d99f478c-t8jft,mobilenet,1685506483903649978,1685506484700410244,796760
01a65473863581c039543dc569a31767,62aa6acc97f63592,ff96f21bfe3b4a3e,mobilenet-54d99f478c-t8jft,resizeTargetSize,1685506483939233157,1685506484700357567,761124
e0ecb877b00523775e8d941db8e1c4b6,c441006394ca5065,root,mobilenet-54d99f478c-t8jft,mobilenet,1685506484438527971,1685506485178314077,739786
e0ecb877b00523775e8d941db8e1c4b6,6e32740f7493b89b,c441006394ca5065,mobilenet-54d99f478c-t8jft,resizeTargetSize,1685506484477949577,1685506485178267672,700318
baf70c4ec9917d56ff671f19ef0597e7,d0108d6147d5e277,root,mobilenet-54d99f478c-t8jft,mobilenet,1685506473355608093,1685506474107680692,752072
baf70c4ec9917d56ff671f19ef0597e7,631082f90e554a0b,d0108d6147d5e277,mobilenet-54d99f478c-t8jft,resizeTargetSize,1685506473403935356,1685506474107615331,703679
283b05e64c8b1037c0ccc9177614cb1d,653cd2298207fbbe,root,mobilenet-54d99f478c-t8jft,mobilenet,1685506471321404079,1685506472156293533,834889
283b05e64c8b1037c0ccc9177614cb1d,12e880d4c97dc7ae,653cd2298207fbbe,mobilenet-54d99f478c-t8jft,resizeTargetSize,1685506471423647051,1685506472156250516,732603
f853f5828592722746936ff395940982,89f2bfdaea84716b,root,mobilenet-54d99f478c-t8jft,mobilenet,1685506473583936875,1685506474344263668,760326
f853f5828592722746936ff395940982,b6cfdb9a1f81831b,89f2bfdaea84716b,mobilenet-54d99f478c-t8jft,resizeTargetSize,1685506473630490689,1685506474344219961,713729
d5546336f629c8401d9d72b1d5db3d81,a3d43dfeaf277cb7,root,mobilenet-54d99f478c-t8jft,mobilenet,1685506470555259538,1685506471401310567,846051
d5546336f629c8401d9d72b1d5db3d81,d7bf1bcdddf4ba6e,a3d43dfeaf277cb7,mobilenet-54d99f478c-t8jft,resizeTargetSize,1685506470594832894,1685506471401254449,806421
5e324a8b6c103abbd31b65df5a10b71e,136d758df3a054f6,root,mobilenet-54d99f478c-t8jft,mobilenet,1685506473243913238,1685506473995202634,751289
5e324a8b6c103abbd31b65df5a10b71e,3a6b1963c23311be,136d758df3a054f6,mobilenet-54d99f478c-t8jft,resizeTargetSize,1685506473287555626,1685506473995156764,707601
0294e0a072c4a212b6816cdde42908de,0f666915e99aebc6,root,mobilenet-54d99f478c-t8jft,mobilenet,1685506486468924147,1685506487268799433,799875
0294e0a072c4a212b6816cdde42908de,cc520a8d558676cf,0f666915e99aebc6,mobilenet-54d99f478c-t8jft,resizeTargetSize,1685506486517971000,1685506487268743034,750772
4756abdb96e1efe241b718c305576aa2,613f6e7b30201986,root,mobilenet-54d99f478c-t8jft,mobilenet,1685506471591240814,1685506472379351606,788110
4756abdb96e1efe241b718c305576aa2,13a0c847d1389f6c,613f6e7b30201986,mobilenet-54d99f478c-t8jft,resizeTargetSize,1685506471631428540,1685506472379307322,747878
10f9f0523160f6ca08d35d692e759aba,3cd1f451bdff99f4,root,mobilenet-54d99f478c-t8jft,mobilenet,1685506473691938512,1685506474445784793,753846
10f9f0523160f6ca08d35d692e759aba,c8daec34e885474b,3cd1f451bdff99f4,mobilenet-54d99f478c-t8jft,resizeTargetSize,1685506473736634981,1685506474445741063,709106
327c9b8d5a19555ee6e4b5f9d22e8b0b,648d63b891af49f1,root,mobilenet-54d99f478c-t8jft,mobilenet,1685506470255479685,1685506471054517409,799037
327c9b8d5a19555ee6e4b5f9d22e8b0b,123e0edb8f83d304,648d63b891af49f1,mobilenet-54d99f478c-t8jft,resizeTargetSize,1685506470296280411,1685506471054436073,758155
fca9c07314b2dc7df398a5cdc1d0daa5,0e84dd10faea63a3,root,mobilenet-54d99f478c-t8jft,mobilenet,1685506487963163893,1685506488750147020,786983
fca9c07314b2dc7df398a5cdc1d0daa5,d71d851d74c67b4e,0e84dd10faea63a3,mobilenet-54d99f478c-t8jft,resizeTargetSize,1685506488002588432,1685506488750102995,747514
3143d9b7e0b88829975fda0235647e8d,09a907fcd244bdbb,root,mobilenet-54d99f478c-t8jft,mobilenet,1685506469434772082,1685506470209140982,774368
3143d9b7e0b88829975fda0235647e8d,260129f658683fc4,09a907fcd244bdbb,mobilenet-54d99f478c-t8jft,resizeTargetSize,1685506469472552897,1685506470209097441,736544
a96b8acca9b899d790f13fe0925fb7e5,2f92046cf0263907,root,mobilenet-54d99f478c-t8jft,mobilenet,1685506487354172300,1685506488148177309,794005
a96b8acca9b899d790f13fe0925fb7e5,61a0adfe6720ab34,2f92046cf0263907,mobilenet-54d99f478c-t8jft,resizeTargetSize,1685506487401191536,1685506488148134426,746942
9b95c07c4c6e701b75b7fff5374c07fa,700c3030c71ef981,root,mobilenet-54d99f478c-t8jft,mobilenet,1685506487113897845,1685506487940227988,826330
9b95c07c4c6e701b75b7fff5374c07fa,7fde7b34f2962910,700c3030c71ef981,mobilenet-54d99f478c-t8jft,resizeTargetSize,1685506487170503832,1685506487940184344,769680
92145943530f5a50f89f6b749e1d38bb,933bc9a0fb956871,root,mobilenet-54d99f478c-t8jft,mobilenet,1685506496214628973,1685506497015371758,800742
92145943530f5a50f89f6b749e1d38bb,65033e91cae861cd,933bc9a0fb956871,mobilenet-54d99f478c-t8jft,resizeTargetSize,1685506496254617374,1685506497015321628,760704
55d0eb16a7a7016886cffcf9ddce9c7a,8aff8786e9a89272,root,mobilenet-54d99f478c-t8jft,mobilenet,1685506489935356887,1685506490712823669,777466
55d0eb16a7a7016886cffcf9ddce9c7a,35b5007bf84a743f,8aff8786e9a89272,mobilenet-54d99f478c-t8jft,resizeTargetSize,1685506489977467373,1685506490712780529,735313
4ba4b291673b3b308227deed03a7f45f,9099936a687ebe1d,root,mobilenet-54d99f478c-t8jft,mobilenet,1685506481687564517,1685506482523154907,835590
4ba4b291673b3b308227deed03a7f45f,04e6ebe28a44d69e,9099936a687ebe1d,mobilenet-54d99f478c-t8jft,resizeTargetSize,1685506481733800780,1685506482523110939,789310
931fc4fff08a5142c096a33ae0813e8c,29c7667187bcbd78,root,mobilenet-54d99f478c-t8jft,mobilenet,1685506479447367481,1685506480228630189,781262
931fc4fff08a5142c096a33ae0813e8c,c18e0034b233de1a,29c7667187bcbd78,mobilenet-54d99f478c-t8jft,resizeTargetSize,1685506479492844385,1685506480228587032,735742
297100cbadc2e7752eb89a994223d526,59aa38de10b41ec5,root,mobilenet-54d99f478c-t8jft,mobilenet,1685506481973388657,1685506482753979710,780591
297100cbadc2e7752eb89a994223d526,aa813fb660650086,59aa38de10b41ec5,mobilenet-54d99f478c-t8jft,resizeTargetSize,1685506482008793514,1685506482753936598,745143
277fbdb35a8eb71828291875fe9c3c1f,d710b9e917124c7b,root,mobilenet-54d99f478c-t8jft,mobilenet,1685506479779695719,1685506480583597389,803901
277fbdb35a8eb71828291875fe9c3c1f,e74eaada6cef093d,d710b9e917124c7b,mobilenet-54d99f478c-t8jft,resizeTargetSize,1685506479840266192,1685506480583548130,743281
81ee5e879705333ef2a98852cf848d66,a3780554c2f2e261,root,mobilenet-54d99f478c-t8jft,mobilenet,1685506494002750205,1685506494811306567,808556
81ee5e879705333ef2a98852cf848d66,e5f1a88c09750533,a3780554c2f2e261,mobilenet-54d99f478c-t8jft,resizeTargetSize,1685506494060145189,1685506494811263597,751118
9897e5563e44df02e40705bc0b47cc05,0ca3118d3146f0d2,root,mobilenet-54d99f478c-t8jft,mobilenet,1685506490887434203,1685506491778557373,891123
9897e5563e44df02e40705bc0b47cc05,3c0724f233b455b0,0ca3118d3146f0d2,mobilenet-54d99f478c-t8jft,resizeTargetSize,1685506490962838112,1685506491778512203,815674
4853ab347e87b1cb618db308c1c0d20a,508c297350594d4b,root,mobilenet-54d99f478c-t8jft,mobilenet,1685506493511446255,1685506494330647294,819201
4853ab347e87b1cb618db308c1c0d20a,564a5c95d3d872c8,508c297350594d4b,mobilenet-54d99f478c-t8jft,resizeTargetSize,1685506493570451108,1685506494330589012,760137
88e36e0cabeabcc5f97d54e050bc47d4,c7a5f15000e02e68,root,mobilenet-54d99f478c-t8jft,mobilenet,1685506495859718044,1685506496633947067,774229
88e36e0cabeabcc5f97d54e050bc47d4,c080d88b36e7a3f1,c7a5f15000e02e68,mobilenet-54d99f478c-t8jft,resizeTargetSize,1685506495901401550,1685506496633892741,732491
0aabb8e134d7fab40aa8015b0b43b0e7,2d3edd9b0c9d4ce2,root,mobilenet-54d99f478c-t8jft,mobilenet,1685506494830302112,1685506495841496696,1011194
0aabb8e134d7fab40aa8015b0b43b0e7,dd4a9fbef57c8478,2d3edd9b0c9d4ce2,mobilenet-54d99f478c-t8jft,resizeTargetSize,1685506495077180638,1685506495841445733,764265
3a28e295baa52565f47c62966442c9e4,a71786718a0e222b,root,mobilenet-54d99f478c-t8jft,mobilenet,1685506497520005540,1685506498312593997,792588
3a28e295baa52565f47c62966442c9e4,165b786c40a8a683,a71786718a0e222b,mobilenet-54d99f478c-t8jft,resizeTargetSize,1685506497565406055,1685506498312544295,747138
7995027855f2c8773c282b0f4e9e3df9,2a65e6d707d3913a,root,mobilenet-54d99f478c-t8jft,mobilenet,1685506491631283274,1685506492510996979,879713
7995027855f2c8773c282b0f4e9e3df9,797ab3d3b26d6cc8,2a65e6d707d3913a,mobilenet-54d99f478c-t8jft,resizeTargetSize,1685506491767958810,1685506492510952792,742993
828d591fe13c71c75a710d1302dd21af,b636a2e85f3a08da,root,mobilenet-54d99f478c-t8jft,mobilenet,1685506497767430180,1685506498582868385,815438
828d591fe13c71c75a710d1302dd21af,3322522d37d85f8b,b636a2e85f3a08da,mobilenet-54d99f478c-t8jft,resizeTargetSize,1685506497808706379,1685506498582824870,774118
70f2170139485d3f7db01262895b004d,d85dbb248f8febaa,root,mobilenet-54d99f478c-t8jft,mobilenet,1685506497828420196,1685506498579654752,751234
70f2170139485d3f7db01262895b004d,43351cbaa7885ff4,d85dbb248f8febaa,mobilenet-54d99f478c-t8jft,resizeTargetSize,1685506497873443049,1685506498579609644,706166
d0fe02436211f6b62c41b338f77ad52c,553d4fcc1f785bc9,root,mobilenet-54d99f478c-t8jft,mobilenet,1685506491911777833,1685506492705004838,793227
d0fe02436211f6b62c41b338f77ad52c,b3bfbec139b756de,553d4fcc1f785bc9,mobilenet-54d99f478c-t8jft,resizeTargetSize,1685506491961093196,1685506492704960901,743867
7b9ee2e7c1d452761e2b5ef0efb7fdd6,117b6c57fef8cbb9,root,mobilenet-54d99f478c-t8jft,mobilenet,1685506481695750585,1685506482529993794,834243
7b9ee2e7c1d452761e2b5ef0efb7fdd6,c963a49712f60c1a,117b6c57fef8cbb9,mobilenet-54d99f478c-t8jft,resizeTargetSize,1685506481735172907,1685506482529948042,794775
7583941dbcfd836f2fe88d5e7c78a79a,0c559b26debf501b,root,mobilenet-54d99f478c-t8jft,mobilenet,1685506492575621307,1685506493376384584,800763
7583941dbcfd836f2fe88d5e7c78a79a,82591919d73e480f,0c559b26debf501b,mobilenet-54d99f478c-t8jft,resizeTargetSize,1685506492616299743,1685506493376338021,760038
9bf619795dda4b52191c7fbd4fbcd2be,195b3acc14a42c99,root,mobilenet-54d99f478c-t8jft,mobilenet,1685506482156216277,1685506482953637754,797421
9bf619795dda4b52191c7fbd4fbcd2be,c17836bff9cea844,195b3acc14a42c99,mobilenet-54d99f478c-t8jft,resizeTargetSize,1685506482207842927,1685506482953592259,745749
92ee5b528f126abec0a1aea4bb506266,5140261bb91b5e71,root,mobilenet-54d99f478c-t8jft,mobilenet,1685506492744132959,1685506493535370865,791237
92ee5b528f126abec0a1aea4bb506266,3e273a0906100fc2,5140261bb91b5e71,mobilenet-54d99f478c-t8jft,resizeTargetSize,1685506492788193698,1685506493535311784,747118
8f71865eb87dbb57d0e0d7289346e9be,9c740dbbbe751324,root,mobilenet-54d99f478c-t8jft,mobilenet,1685506489732062352,1685506490499709542,767647
8f71865eb87dbb57d0e0d7289346e9be,411edee30fe82716,9c740dbbbe751324,mobilenet-54d99f478c-t8jft,resizeTargetSize,1685506489771320871,1685506490499667285,728346
6794a24c1d5c7cc689153d73815ebab8,6237ff50927a53a0,root,mobilenet-54d99f478c-t8jft,mobilenet,1685506489400891806,1685506490197009870,796118
6794a24c1d5c7cc689153d73815ebab8,934abefb0f7681ed,6237ff50927a53a0,mobilenet-54d99f478c-t8jft,resizeTargetSize,1685506489443708891,1685506490196963911,753255
37d5ca3f3fbd140bc5e2f46735d5a72a,ebfa73693b59ecb2,root,mobilenet-54d99f478c-t8jft,mobilenet,1685506489125158313,1685506489911366596,786208
37d5ca3f3fbd140bc5e2f46735d5a72a,719eede833524117,ebfa73693b59ecb2,mobilenet-54d99f478c-t8jft,resizeTargetSize,1685506489166902673,1685506489911320497,744417
