TraceID,SpanID,ParentID,PodName,OperationName,StartTimeUnixNano,EndTimeUnixNano,Duration
33906991568d77f51917cbdc8dbd1362,96ba5bbce0926b22,root,resize-6d9bfb956b-ddxct,resizeImage,1681005937439493812,1681005937467836161,28342
33906991568d77f51917cbdc8dbd1362,39fdff7bbc34a89a,96ba5bbce0926b22,resize-6d9bfb956b-ddxct,loadImage,1681005937439688006,1681005937467825247,28137
33906991568d77f51917cbdc8dbd1362,bf1b80787e4f7ddd,39fdff7bbc34a89a,resize-6d9bfb956b-ddxct,large400,1681005937458879871,1681005937467813804,8933
33906991568d77f51917cbdc8dbd1362,5f7f4f3065aaf709,bf1b80787e4f7ddd,resize-6d9bfb956b-ddxct,large400ImageResize,1681005937458931963,1681005937467801275,8869
33906991568d77f51917cbdc8dbd1362,c4f2e8f3629389b0,5f7f4f3065aaf709,resize-6d9bfb956b-ddxct,large400ByteIo,1681005937465056712,1681005937467776105,2719
7e0b08448727842936cbd13519ee0a9d,3d95cf046ed1ca7c,root,resize-6d9bfb956b-ddxct,resizeImage,1681005944244993007,1681005944274531899,29538
7e0b08448727842936cbd13519ee0a9d,1cbb347de60f11b6,3d95cf046ed1ca7c,resize-6d9bfb956b-ddxct,loadImage,1681005944245200003,1681005944274521921,29321
7e0b08448727842936cbd13519ee0a9d,578141d8327371dd,1cbb347de60f11b6,resize-6d9bfb956b-ddxct,large400,1681005944265359628,1681005944274512177,9152
7e0b08448727842936cbd13519ee0a9d,16320c6340153c77,578141d8327371dd,resize-6d9bfb956b-ddxct,large400ImageResize,1681005944265412241,1681005944274500172,9087
7e0b08448727842936cbd13519ee0a9d,e22e74eba5a23f6b,16320c6340153c77,resize-6d9bfb956b-ddxct,large400ByteIo,1681005944271713640,1681005944274476428,2762
b4a8fd55d60ac1c24407960222c852b5,358185a2ad8a9d86,root,resize-6d9bfb956b-ddxct,resizeImage,1681005929785440892,1681005929816022310,30581
b4a8fd55d60ac1c24407960222c852b5,8fb6c0fc6d0c662c,358185a2ad8a9d86,resize-6d9bfb956b-ddxct,loadImage,1681005929785617542,1681005929816012935,30395
b4a8fd55d60ac1c24407960222c852b5,2b777be3ecf12a53,8fb6c0fc6d0c662c,resize-6d9bfb956b-ddxct,large400,1681005929805935000,1681005929815999823,10064
b4a8fd55d60ac1c24407960222c852b5,33d9a50713781668,2b777be3ecf12a53,resize-6d9bfb956b-ddxct,large400ImageResize,1681005929805986396,1681005929815962654,9976
b4a8fd55d60ac1c24407960222c852b5,f04d8ab432726b88,33d9a50713781668,resize-6d9bfb956b-ddxct,large400ByteIo,1681005929813227820,1681005929815939930,2712
d5cad135f1e8997c84144b1a02006b98,3b4963617b7d29b4,root,resize-6d9bfb956b-ddxct,resizeImage,1681005951327658307,1681005951356766786,29108
d5cad135f1e8997c84144b1a02006b98,b95e1f39fe81aecd,3b4963617b7d29b4,resize-6d9bfb956b-ddxct,loadImage,1681005951327843207,1681005951356756056,28912
d5cad135f1e8997c84144b1a02006b98,9d0880ce90de87d5,b95e1f39fe81aecd,resize-6d9bfb956b-ddxct,large400,1681005951347606909,1681005951356744594,9137
d5cad135f1e8997c84144b1a02006b98,dbb3a6b37b5c95a9,9d0880ce90de87d5,resize-6d9bfb956b-ddxct,large400ImageResize,1681005951347663106,1681005951356732081,9068
d5cad135f1e8997c84144b1a02006b98,5b48b9c55067ea23,dbb3a6b37b5c95a9,resize-6d9bfb956b-ddxct,large400ByteIo,1681005951353894970,1681005951356703998,2809
b742e84838f185b6036364570ae8cdf6,aff395ca3277dd2e,root,resize-6d9bfb956b-ddxct,resizeImage,1681005945947372840,1681005945975912540,28539
b742e84838f185b6036364570ae8cdf6,207916a9e17bc571,aff395ca3277dd2e,resize-6d9bfb956b-ddxct,loadImage,1681005945947584968,1681005945975900627,28315
b742e84838f185b6036364570ae8cdf6,3b676fe05c83a8b4,207916a9e17bc571,resize-6d9bfb956b-ddxct,large400,1681005945966899109,1681005945975888786,8989
b742e84838f185b6036364570ae8cdf6,09572fab96b78134,3b676fe05c83a8b4,resize-6d9bfb956b-ddxct,large400ImageResize,1681005945966956372,1681005945975875586,8919
b742e84838f185b6036364570ae8cdf6,25f490f842f8fd21,09572fab96b78134,resize-6d9bfb956b-ddxct,large400ByteIo,1681005945973114097,1681005945975846680,2732
b1c2af4665668fb46ce18b897fee982b,67d9433429c29c05,root,resize-6d9bfb956b-ddxct,resizeImage,1681005952931628850,1681005952960178611,28549
b1c2af4665668fb46ce18b897fee982b,de843afe2c9265c8,67d9433429c29c05,resize-6d9bfb956b-ddxct,loadImage,1681005952931824345,1681005952960168422,28344
b1c2af4665668fb46ce18b897fee982b,029a2afd5cf311fd,de843afe2c9265c8,resize-6d9bfb956b-ddxct,large400,1681005952951158312,1681005952960157775,8999
b1c2af4665668fb46ce18b897fee982b,da8a5052aa29cd75,029a2afd5cf311fd,resize-6d9bfb956b-ddxct,large400ImageResize,1681005952951214468,1681005952960145454,8930
b1c2af4665668fb46ce18b897fee982b,de7000a01e845222,da8a5052aa29cd75,resize-6d9bfb956b-ddxct,large400ByteIo,1681005952957344405,1681005952960118916,2774
45fdf504f53a94ec402f3f7ba35b11a9,d78ec1966254b2b4,root,resize-6d9bfb956b-ddxct,resizeImage,1681005939291070275,1681005939320718079,29647
45fdf504f53a94ec402f3f7ba35b11a9,1dcec6e4aeb5efc0,d78ec1966254b2b4,resize-6d9bfb956b-ddxct,loadImage,1681005939291261931,1681005939320707113,29445
45fdf504f53a94ec402f3f7ba35b11a9,2ffe832b42ea6f80,1dcec6e4aeb5efc0,resize-6d9bfb956b-ddxct,large400,1681005939311270834,1681005939320695957,9425
45fdf504f53a94ec402f3f7ba35b11a9,c76ed23778323f50,2ffe832b42ea6f80,resize-6d9bfb956b-ddxct,large400ImageResize,1681005939311325935,1681005939320682820,9356
45fdf504f53a94ec402f3f7ba35b11a9,351e1199b4ad1176,c76ed23778323f50,resize-6d9bfb956b-ddxct,large400ByteIo,1681005939317490908,1681005939320652658,3161
d4a1ae958373286e78ad2d98f75f5ec7,0985498ac8a46a1d,root,resize-6d9bfb956b-ddxct,resizeImage,1681005927460539419,1681005927494793034,34253
d4a1ae958373286e78ad2d98f75f5ec7,7105417df1b4d183,0985498ac8a46a1d,resize-6d9bfb956b-ddxct,loadImage,1681005927460723469,1681005927494783221,34059
d4a1ae958373286e78ad2d98f75f5ec7,7d93e0022ef440a3,7105417df1b4d183,resize-6d9bfb956b-ddxct,large400,1681005927483619180,1681005927494772813,11153
d4a1ae958373286e78ad2d98f75f5ec7,a48109575dbfde4c,7d93e0022ef440a3,resize-6d9bfb956b-ddxct,large400ImageResize,1681005927483673670,1681005927494760290,11086
d4a1ae958373286e78ad2d98f75f5ec7,d0fcf7c83bef218d,a48109575dbfde4c,resize-6d9bfb956b-ddxct,large400ByteIo,1681005927491641129,1681005927494722537,3081
d114a81b23eaff86b6ec5996cd7862b3,9af8c915e507b748,root,resize-6d9bfb956b-ddxct,resizeImage,1681005934614246384,1681005934642676866,28430
d114a81b23eaff86b6ec5996cd7862b3,e5a112f52c93bbcd,9af8c915e507b748,resize-6d9bfb956b-ddxct,loadImage,1681005934614425778,1681005934642664879,28239
d114a81b23eaff86b6ec5996cd7862b3,2a128dc9eb552636,e5a112f52c93bbcd,resize-6d9bfb956b-ddxct,large400,1681005934633690819,1681005934642652909,8962
d114a81b23eaff86b6ec5996cd7862b3,76706fe3c28f048d,2a128dc9eb552636,resize-6d9bfb956b-ddxct,large400ImageResize,1681005934633746686,1681005934642639682,8892
d114a81b23eaff86b6ec5996cd7862b3,dced4d3aeafdbbdb,76706fe3c28f048d,resize-6d9bfb956b-ddxct,large400ByteIo,1681005934639859785,1681005934642609765,2749
73e05c3df7f807ae8afc4089b61f858c,cdf1df807a8aaf83,root,resize-6d9bfb956b-ddxct,resizeImage,1681005931494766531,1681005931525479884,30713
73e05c3df7f807ae8afc4089b61f858c,938966af87144081,cdf1df807a8aaf83,resize-6d9bfb956b-ddxct,loadImage,1681005931494947605,1681005931525469272,30521
73e05c3df7f807ae8afc4089b61f858c,04a41d1fea7f5e99,938966af87144081,resize-6d9bfb956b-ddxct,large400,1681005931514456135,1681005931525458460,11002
73e05c3df7f807ae8afc4089b61f858c,43fbb8bf92f39612,04a41d1fea7f5e99,resize-6d9bfb956b-ddxct,large400ImageResize,1681005931514507881,1681005931525445722,10937
73e05c3df7f807ae8afc4089b61f858c,a308f00e93e38339,43fbb8bf92f39612,resize-6d9bfb956b-ddxct,large400ByteIo,1681005931522555382,1681005931525420920,2865
f301062605952d0945b37cba8c7f98ae,180f3be617bc57d4,root,resize-6d9bfb956b-ddxct,resizeImage,1681005957084120322,1681005957112399545,28279
f301062605952d0945b37cba8c7f98ae,0ad66a42b7d53d2c,180f3be617bc57d4,resize-6d9bfb956b-ddxct,loadImage,1681005957084286819,1681005957112389595,28102
f301062605952d0945b37cba8c7f98ae,df02d20ac5bc1ba6,0ad66a42b7d53d2c,resize-6d9bfb956b-ddxct,large400,1681005957103217000,1681005957112378700,9161
f301062605952d0945b37cba8c7f98ae,69eafc91d195afab,df02d20ac5bc1ba6,resize-6d9bfb956b-ddxct,large400ImageResize,1681005957103270845,1681005957112366133,9095
f301062605952d0945b37cba8c7f98ae,cf5f246b4f150b4d,69eafc91d195afab,resize-6d9bfb956b-ddxct,large400ByteIo,1681005957109628108,1681005957112341307,2713
f84a15fef5fb5d546cca536973684272,4c0a6e83c7193fd7,root,resize-6d9bfb956b-ddxct,resizeImage,1681005942575559872,1681005942604212571,28652
f84a15fef5fb5d546cca536973684272,2a7e724853559616,4c0a6e83c7193fd7,resize-6d9bfb956b-ddxct,loadImage,1681005942575749916,1681005942604202904,28452
f84a15fef5fb5d546cca536973684272,cf050fd6eea9c0c9,2a7e724853559616,resize-6d9bfb956b-ddxct,large400,1681005942594966591,1681005942604192225,9225
f84a15fef5fb5d546cca536973684272,c7503cdaccb01960,cf050fd6eea9c0c9,resize-6d9bfb956b-ddxct,large400ImageResize,1681005942595018352,1681005942604179481,9161
f84a15fef5fb5d546cca536973684272,b350e8f3ba0c1411,c7503cdaccb01960,resize-6d9bfb956b-ddxct,large400ByteIo,1681005942601336331,1681005942604155201,2818
b0a15e49a12e9f33b795a9aaf2093104,dc7b062394cf5cf5,root,resize-6d9bfb956b-ddxct,resizeImage,1681005955142069259,1681005955171374427,29305
b0a15e49a12e9f33b795a9aaf2093104,114261b5b1146853,dc7b062394cf5cf5,resize-6d9bfb956b-ddxct,loadImage,1681005955142264360,1681005955171364166,29099
b0a15e49a12e9f33b795a9aaf2093104,cef91fad1df2f490,114261b5b1146853,resize-6d9bfb956b-ddxct,large400,1681005955162353878,1681005955171352966,8999
b0a15e49a12e9f33b795a9aaf2093104,20b2de4eab0b223d,cef91fad1df2f490,resize-6d9bfb956b-ddxct,large400ImageResize,1681005955162406403,1681005955171340221,8933
b0a15e49a12e9f33b795a9aaf2093104,5a2ba36b535df8cb,20b2de4eab0b223d,resize-6d9bfb956b-ddxct,large400ByteIo,1681005955168535718,1681005955171314495,2778
5ea0659279df804abc9ff09441f038db,e31cda9ee2623ea1,root,resize-6d9bfb956b-ddxct,resizeImage,1681005933295939953,1681005933324067161,28127
5ea0659279df804abc9ff09441f038db,0e1acac379d54f6e,e31cda9ee2623ea1,resize-6d9bfb956b-ddxct,loadImage,1681005933296145141,1681005933324057052,27911
5ea0659279df804abc9ff09441f038db,44238fabf2bc42bb,0e1acac379d54f6e,resize-6d9bfb956b-ddxct,large400,1681005933315024704,1681005933324047261,9022
5ea0659279df804abc9ff09441f038db,a9de7e2859dfe639,44238fabf2bc42bb,resize-6d9bfb956b-ddxct,large400ImageResize,1681005933315080073,1681005933324034845,8954
5ea0659279df804abc9ff09441f038db,de8e46acd4e51d7b,a9de7e2859dfe639,resize-6d9bfb956b-ddxct,large400ByteIo,1681005933321274743,1681005933324010721,2735
11d58d48d41222b3cbaeb1f8c93bcaa5,0afcfa7ad133e881,root,resize-6d9bfb956b-ddxct,resizeImage,1681005948249475503,1681005948278819390,29343
11d58d48d41222b3cbaeb1f8c93bcaa5,244fd986d9cd34e5,0afcfa7ad133e881,resize-6d9bfb956b-ddxct,loadImage,1681005948249673061,1681005948278808493,29135
11d58d48d41222b3cbaeb1f8c93bcaa5,ee35976f25ab4fe7,244fd986d9cd34e5,resize-6d9bfb956b-ddxct,large400,1681005948269711331,1681005948278797221,9085
11d58d48d41222b3cbaeb1f8c93bcaa5,fa2836dbe63d8777,ee35976f25ab4fe7,resize-6d9bfb956b-ddxct,large400ImageResize,1681005948269767117,1681005948278784344,9017
11d58d48d41222b3cbaeb1f8c93bcaa5,2bb30de1c190bfa2,fa2836dbe63d8777,resize-6d9bfb956b-ddxct,large400ByteIo,1681005948276042046,1681005948278757930,2715
bf7ba7ecfe16289cd16bf0f7ba569851,78ac2553d13af4c9,root,resize-6d9bfb956b-ddxct,resizeImage,1681005935989908658,1681005936019564523,29655
bf7ba7ecfe16289cd16bf0f7ba569851,4115a452a1ed5213,78ac2553d13af4c9,resize-6d9bfb956b-ddxct,loadImage,1681005935990095344,1681005936019554585,29459
bf7ba7ecfe16289cd16bf0f7ba569851,b948aa997ba5775c,4115a452a1ed5213,resize-6d9bfb956b-ddxct,large400,1681005936010589028,1681005936019543674,8954
bf7ba7ecfe16289cd16bf0f7ba569851,d2e00962e04e93b1,b948aa997ba5775c,resize-6d9bfb956b-ddxct,large400ImageResize,1681005936010643226,1681005936019530667,8887
bf7ba7ecfe16289cd16bf0f7ba569851,e28d71f2643da320,d2e00962e04e93b1,resize-6d9bfb956b-ddxct,large400ByteIo,1681005936016782492,1681005936019505672,2723
