TraceID,SpanID,ParentID,PodName,OperationName,StartTimeUnixNano,EndTimeUnixNano,Duration
025e7802e4887221d20bcf48dbc9015c,95a1f165542a63b0,root,resize-75b7fd6576-rhx6r,resizeImage,1679277501469297649,1679277501504386558,35088
025e7802e4887221d20bcf48dbc9015c,53de3b6a09344a28,95a1f165542a63b0,resize-75b7fd6576-rhx6r,large400ByteIo,1679277501500632216,1679277501500657587,25
2f002fbabc51279fc79e62f086cb1781,a5b6d8ef5d32b958,root,resize-75b7fd6576-rhx6r,resizeImage,1679277498548475612,1679277498569916380,21440
054586f7ef66d0f9c551b5b1b7249de0,512e9680125fd9f5,root,resize-75b7fd6576-rhx6r,resizeImage,1679277503897037255,1679277503941820932,44783
054586f7ef66d0f9c551b5b1b7249de0,cfcafb1847c9684b,512e9680125fd9f5,resize-75b7fd6576-rhx6r,large400ByteIo,1679277503937445184,1679277503937477889,32
06934307121a4ef2cb5ae54c76c61a4b,1932bf08bdd1ff1b,root,resize-75b7fd6576-rhx6r,resizeImage,1679277501973001045,1679277502008198196,35197
06934307121a4ef2cb5ae54c76c61a4b,a70ffb18060e347d,1932bf08bdd1ff1b,resize-75b7fd6576-rhx6r,large400ByteIo,1679277502005413334,1679277502005437694,24
55b94b4c674a9c1b5f9c1ffc0a25670d,5963e18f9c47dbdb,root,resize-75b7fd6576-rhx6r,resizeImage,1679277504788481716,1679277504827959003,39477
55b94b4c674a9c1b5f9c1ffc0a25670d,1e491bc391ec6827,5963e18f9c47dbdb,resize-75b7fd6576-rhx6r,large400ByteIo,1679277504824124197,1679277504824146984,22
eb6ed215613b25c9252c4a43c5c5eea1,0cdf13fb3274ab31,root,resize-75b7fd6576-rhx6r,resizeImage,1679277502399630578,1679277502436560017,36929
eb6ed215613b25c9252c4a43c5c5eea1,9925678837d45ed9,0cdf13fb3274ab31,resize-75b7fd6576-rhx6r,large400ByteIo,1679277502433363227,1679277502433386904,23
91b2c04f52f1cb418eb6981694453e79,2e233a79b0360c37,root,resize-75b7fd6576-rhx6r,resizeImage,1679277504349956508,1679277504379624504,29667
91b2c04f52f1cb418eb6981694453e79,2861dedc348a5fbb,2e233a79b0360c37,resize-75b7fd6576-rhx6r,large400ByteIo,1679277504376854665,1679277504376877706,23
a00cd2e238b8c92d8fc3a735259ad38f,0ea884926916a254,root,resize-75b7fd6576-rhx6r,resizeImage,1679277504475698497,1679277504504165653,28467
a00cd2e238b8c92d8fc3a735259ad38f,6c2c85f94312bb14,0ea884926916a254,resize-75b7fd6576-rhx6r,large400ByteIo,1679277504501390978,1679277504501414036,23
4dacacea128f0219725e29817055a797,b179e68f9d3bf2eb,root,resize-75b7fd6576-rhx6r,resizeImage,1679277497704975937,1679277497737293785,32317
4dacacea128f0219725e29817055a797,cbcc29983d2788da,b179e68f9d3bf2eb,resize-75b7fd6576-rhx6r,large400ByteIo,1679277497734169330,1679277497734191468,22
29b022ecf097b7e47404bcbbc7d3c2fb,b3ca9aac6855d78f,root,resize-75b7fd6576-rhx6r,resizeImage,1679277499042460690,1679277499074518635,32057
29b022ecf097b7e47404bcbbc7d3c2fb,138cb8909f1cd3e4,b3ca9aac6855d78f,resize-75b7fd6576-rhx6r,large400ByteIo,1679277499071423079,1679277499071447417,24
9304374902344bb14bf98a9070f50200,16a672e6bb92c1e8,root,resize-75b7fd6576-rhx6r,resizeImage,1679277516705189088,1679277516727068511,21879
4799583f34345d69c0b78a1421da7d7d,9f36f2755bcfac86,root,resize-75b7fd6576-rhx6r,resizeImage,1679277506060862821,1679277506094718287,33855
4799583f34345d69c0b78a1421da7d7d,c26a9a19f405b49b,9f36f2755bcfac86,resize-75b7fd6576-rhx6r,large400ByteIo,1679277506091582205,1679277506091604966,22
7a097b5669a822e13733f63756d57297,d7c55e5d298e033a,root,resize-75b7fd6576-rhx6r,resizeImage,1679277502398204951,1679277502431001618,32796
7a097b5669a822e13733f63756d57297,8555e08ae95e0765,d7c55e5d298e033a,resize-75b7fd6576-rhx6r,large400ByteIo,1679277502428146288,1679277502428171480,25
2b1790ad1884b37f23379905b7a9a7e1,db1f523449b2b2c3,root,resize-75b7fd6576-rhx6r,resizeImage,1679277517260675705,1679277517299712200,39036
2b1790ad1884b37f23379905b7a9a7e1,4d07f4420f138d51,db1f523449b2b2c3,resize-75b7fd6576-rhx6r,large400ByteIo,1679277517296037789,1679277517296067931,30
75e24ce82f8d0903796494546a5854d9,dbe4981e636148a1,root,resize-75b7fd6576-rhx6r,resizeImage,1679277507269776816,1679277507291751233,21974
37940f4d393b9e2471b3a597e1e1a21d,c40c57413817f5a3,root,resize-75b7fd6576-rhx6r,resizeImage,1679277516860965735,1679277516881904480,20938
06bd5df19288acfcd8369e23d4df7f80,a6602c8aced56e06,root,resize-75b7fd6576-rhx6r,resizeImage,1679277507285427730,1679277507324727048,39299
06bd5df19288acfcd8369e23d4df7f80,7a3342be9977a3fa,a6602c8aced56e06,resize-75b7fd6576-rhx6r,large400ByteIo,1679277507320858610,1679277507320884750,26
1946929dc6895c651c8c4c3f5d8e570f,2c7b37b132c54bae,root,resize-75b7fd6576-rhx6r,resizeImage,1679277502780079061,1679277502830879345,50800
1946929dc6895c651c8c4c3f5d8e570f,809eedffaec8f9fd,2c7b37b132c54bae,resize-75b7fd6576-rhx6r,large400ByteIo,1679277502826836693,1679277502826861236,24
78a5d1a8ff11e36130ca09807f1f345c,0b1a7c92e99a5af9,root,resize-75b7fd6576-rhx6r,resizeImage,1679277499990481990,1679277500019256896,28774
78a5d1a8ff11e36130ca09807f1f345c,b4198374978d93f1,0b1a7c92e99a5af9,resize-75b7fd6576-rhx6r,large400ByteIo,1679277500016531698,1679277500016581536,49
99c44d237c64c5c8f191038d611c5b40,043bfe820ae20f94,root,resize-75b7fd6576-rhx6r,resizeImage,1679277498965164668,1679277498996773958,31609
99c44d237c64c5c8f191038d611c5b40,d6b6eff3f2fd6faa,043bfe820ae20f94,resize-75b7fd6576-rhx6r,large400ByteIo,1679277498993721137,1679277498993746566,25
5937f1166c667e9027d037872bcf6748,8ff46c856a618e21,root,resize-75b7fd6576-rhx6r,resizeImage,1679277511219503829,1679277511241083612,21579
63c024827d5b6ef7ec43d566dfa6dd3e,5fa02617fd550ce1,root,resize-75b7fd6576-rhx6r,resizeImage,1679277515247867509,1679277515288393604,40526
63c024827d5b6ef7ec43d566dfa6dd3e,f897cecdc6e06553,5fa02617fd550ce1,resize-75b7fd6576-rhx6r,large400ByteIo,1679277515283834877,1679277515283862527,27
0f80672639f9370621a7dbafeba8ae6d,c822c9a71ce028d4,root,resize-75b7fd6576-rhx6r,resizeImage,1679277507756274555,1679277507778269220,21994
f118e064acabb10d6fa902692c1483ca,486245fe9f65c811,root,resize-75b7fd6576-rhx6r,resizeImage,1679277526849787396,1679277526879320034,29532
f118e064acabb10d6fa902692c1483ca,20eecaf1287d38e5,486245fe9f65c811,resize-75b7fd6576-rhx6r,large400ByteIo,1679277526876379524,1679277526876402438,22
c4dff0c79519e749a1d4ea19be9e39eb,abed36f0396a5f4a,root,resize-75b7fd6576-rhx6r,resizeImage,1679277514535527128,1679277514565419235,29892
c4dff0c79519e749a1d4ea19be9e39eb,39f7c81bdfda722f,abed36f0396a5f4a,resize-75b7fd6576-rhx6r,large400ByteIo,1679277514562512354,1679277514562538091,25
368d50c384c1add33254a386503a5086,671fa30ac37454ce,root,resize-75b7fd6576-rhx6r,resizeImage,1679277516501855146,1679277516527505068,25649
934437282f685ec19ab66e2c055a15b8,6992a753ceda1fdb,root,resize-75b7fd6576-rhx6r,resizeImage,1679277515546929606,1679277515579774302,32844
934437282f685ec19ab66e2c055a15b8,87ca8989c0679ea9,6992a753ceda1fdb,resize-75b7fd6576-rhx6r,large400ByteIo,1679277515576467786,1679277515576492821,25
dcc6784cbe2a2cec3237b61d3ee04876,70abe4b28ec3cdee,root,resize-75b7fd6576-rhx6r,resizeImage,1679277513442149543,1679277513496186261,54036
dcc6784cbe2a2cec3237b61d3ee04876,ff915e89d22e51c8,70abe4b28ec3cdee,resize-75b7fd6576-rhx6r,large400ByteIo,1679277513492417537,1679277513492450602,33
13db509685e82f01d8930a39c76f13f8,86cf4739fce46c2a,root,resize-75b7fd6576-rhx6r,resizeImage,1679277507493770771,1679277507522937834,29167
13db509685e82f01d8930a39c76f13f8,305efee30ae65a92,86cf4739fce46c2a,resize-75b7fd6576-rhx6r,large400ByteIo,1679277507520065411,1679277507520088225,22
2ca00bd72ca27349470c5f690c065726,12438f6cdbfaa2ee,root,resize-75b7fd6576-rhx6r,resizeImage,1679277513494801644,1679277513534147637,39345
2ca00bd72ca27349470c5f690c065726,59b4a661b23e8249,12438f6cdbfaa2ee,resize-75b7fd6576-rhx6r,large400ByteIo,1679277513529527388,1679277513529551047,23
ea2214db0bee60aeb7d09379e731e4a5,39760bbfb5684e78,root,resize-75b7fd6576-rhx6r,resizeImage,1679277513913389563,1679277513945933293,32543
ea2214db0bee60aeb7d09379e731e4a5,87c0fa9ff38a3ea0,39760bbfb5684e78,resize-75b7fd6576-rhx6r,large400ByteIo,1679277513942447931,1679277513942470980,23
d005ce937a340c6e610150976ae9415f,7788e894c1bcd913,root,resize-75b7fd6576-rhx6r,resizeImage,1679277509317684334,1679277509354221390,36537
d005ce937a340c6e610150976ae9415f,0e0d7761949c0f30,7788e894c1bcd913,resize-75b7fd6576-rhx6r,large400ByteIo,1679277509351295368,1679277509351321655,26
621ce933334cdf855f3fbddb9e5abe63,85e00f65ce08955a,root,resize-75b7fd6576-rhx6r,resizeImage,1679277510449660558,1679277510487535843,37875
621ce933334cdf855f3fbddb9e5abe63,4fa2faff884c3f98,85e00f65ce08955a,resize-75b7fd6576-rhx6r,large400ByteIo,1679277510483762112,1679277510483794271,32
dd2c59003e4ed36fd6ec012daed2feec,a1245025ebe7c98e,root,resize-75b7fd6576-rhx6r,resizeImage,1679277509625397398,1679277509669871296,44473
dd2c59003e4ed36fd6ec012daed2feec,fdebff6ee52ab3e0,a1245025ebe7c98e,resize-75b7fd6576-rhx6r,large400ByteIo,1679277509665628343,1679277509665659621,31
2a75f3860fafbbf2770b5c60f0737721,6f7768447e0f3811,root,resize-75b7fd6576-rhx6r,resizeImage,1679277508954862065,1679277508987821165,32959
9333865f9a21bef6098c6ed481f40510,8cc707ab66a1c885,root,resize-75b7fd6576-rhx6r,resizeImage,1679277509034410676,1679277509068790585,34379
9333865f9a21bef6098c6ed481f40510,6694e001398a8069,8cc707ab66a1c885,resize-75b7fd6576-rhx6r,large400ByteIo,1679277509065608753,1679277509065633534,24
770c68f9a7fd562cf89f1c0bb7dea5b6,6e265bd1dc87b6d0,root,resize-75b7fd6576-rhx6r,resizeImage,1679277514457559915,1679277514488842109,31282
770c68f9a7fd562cf89f1c0bb7dea5b6,5651db64256bc6f4,6e265bd1dc87b6d0,resize-75b7fd6576-rhx6r,large400ByteIo,1679277514485723860,1679277514485748939,25
ffc1263ccf3d11ddc997986fd81665e3,842051511ba9019a,root,resize-75b7fd6576-rhx6r,resizeImage,1679277510913856162,1679277510955405551,41549
ffc1263ccf3d11ddc997986fd81665e3,92e336e0d9ecbafd,842051511ba9019a,resize-75b7fd6576-rhx6r,large400ByteIo,1679277510951110751,1679277510951141800,31
856803463701b778aaa8acca512d262d,584e43194e6617ed,root,resize-75b7fd6576-rhx6r,resizeImage,1679277509991141233,1679277510024135518,32994
856803463701b778aaa8acca512d262d,c8a4ad39e4553840,584e43194e6617ed,resize-75b7fd6576-rhx6r,large400ByteIo,1679277510020876093,1679277510020899502,23
ca25c7176eda3119ca6943b41bf32514,cb91bf1287b168c8,root,resize-75b7fd6576-rhx6r,resizeImage,1679277511996271752,1679277512030275330,34003
ca25c7176eda3119ca6943b41bf32514,2d40993ff43895fa,cb91bf1287b168c8,resize-75b7fd6576-rhx6r,large400ByteIo,1679277512026673232,1679277512026696048,22
e8654802fbbb37edf0ffb5ec55869b54,e870a2e80469c8a1,root,resize-75b7fd6576-rhx6r,resizeImage,1679277526186323102,1679277526228844208,42521
e8654802fbbb37edf0ffb5ec55869b54,489b8c5bd35c95cd,e870a2e80469c8a1,resize-75b7fd6576-rhx6r,large400ByteIo,1679277526225792447,1679277526225815590,23
52950eddee786da0a0572826bf93d59f,d43c1aa207797eba,root,resize-75b7fd6576-rhx6r,resizeImage,1679277519357846761,1679277519391555154,33708
52950eddee786da0a0572826bf93d59f,b88c4284fea9b98d,d43c1aa207797eba,resize-75b7fd6576-rhx6r,large400ByteIo,1679277519388630329,1679277519388656156,25
00360bea672c2c85f58ea6a300b81948,4d9eab604e6a5413,root,resize-75b7fd6576-rhx6r,resizeImage,1679277521903849446,1679277521940498576,36649
00360bea672c2c85f58ea6a300b81948,a7da407a64885ff9,4d9eab604e6a5413,resize-75b7fd6576-rhx6r,large400ByteIo,1679277521937371255,1679277521937396799,25
21e98c32b77610e4ea67aed12ceeffaf,e2245956596ed6d9,root,resize-75b7fd6576-rhx6r,resizeImage,1679277517476997530,1679277517505950239,28952
21e98c32b77610e4ea67aed12ceeffaf,caea7f82168db49c,e2245956596ed6d9,resize-75b7fd6576-rhx6r,large400ByteIo,1679277517503005140,1679277517503027656,22
24aa9a5b5534b45efd06157eb25a12e7,b9561a34790f34d5,root,resize-75b7fd6576-rhx6r,resizeImage,1679277523649025248,1679277523683868605,34843
24aa9a5b5534b45efd06157eb25a12e7,1168dcdbe4b4c719,b9561a34790f34d5,resize-75b7fd6576-rhx6r,large400ByteIo,1679277523680661191,1679277523680690236,29
94047175591deba8f550b3c840facf6e,64e966283d0aa4ae,root,resize-75b7fd6576-rhx6r,resizeImage,1679277518316304892,1679277518345958942,29654
94047175591deba8f550b3c840facf6e,b0591a31784e33b7,64e966283d0aa4ae,resize-75b7fd6576-rhx6r,large400ByteIo,1679277518343034386,1679277518343057356,22
2e381186ad36e6e6c2a3729b66322166,552af160e49b3bf8,root,resize-75b7fd6576-rhx6r,resizeImage,1679277518774179453,1679277518808056010,33876
2e381186ad36e6e6c2a3729b66322166,f8ca1e8ed0abe07b,552af160e49b3bf8,resize-75b7fd6576-rhx6r,large400ByteIo,1679277518805114271,1679277518805140579,26
a00712052974b0af70dfeb9b9bdf7394,6b357599e79f4d0d,root,resize-75b7fd6576-rhx6r,resizeImage,1679277525873413932,1679277525904444826,31030
a00712052974b0af70dfeb9b9bdf7394,f8b9f113e89c2bc9,6b357599e79f4d0d,resize-75b7fd6576-rhx6r,large400ByteIo,1679277525901522412,1679277525901547223,24
0ef4df5a5ac89802acfdf5a1ae0d0205,a660a1efc2163146,root,resize-75b7fd6576-rhx6r,resizeImage,1679277524057790779,1679277524091713359,33922
0ef4df5a5ac89802acfdf5a1ae0d0205,49d50936c906aaee,a660a1efc2163146,resize-75b7fd6576-rhx6r,large400ByteIo,1679277524088527720,1679277524088577047,49
ad659ac1025f9af38e3add873c81e5c7,34a1a2e4bf7b087e,root,resize-75b7fd6576-rhx6r,resizeImage,1679277525745876605,1679277525777557345,31680
ad659ac1025f9af38e3add873c81e5c7,578996d8340358aa,34a1a2e4bf7b087e,resize-75b7fd6576-rhx6r,large400ByteIo,1679277525774044194,1679277525774067171,22
a15486ddd2c9d2b3dbde22fcad4acc02,ddc896c84e11120c,root,resize-75b7fd6576-rhx6r,resizeImage,1679277522345554804,1679277522393673043,48118
a15486ddd2c9d2b3dbde22fcad4acc02,a42119f059b18925,ddc896c84e11120c,resize-75b7fd6576-rhx6r,large400ByteIo,1679277522388766394,1679277522388799669,33
d7b8507d799d2dfba589a7ac7c5c8af7,2d25a173d4d18c30,root,resize-75b7fd6576-rhx6r,resizeImage,1679277525221673636,1679277525253412452,31738
d7b8507d799d2dfba589a7ac7c5c8af7,6ab7898455bbab44,2d25a173d4d18c30,resize-75b7fd6576-rhx6r,large400ByteIo,1679277525250431034,1679277525250458925,27
922e460aae227f91f9e82e451e6e2221,f8b84e9a3f492c1b,root,resize-75b7fd6576-rhx6r,resizeImage,1679277519909371170,1679277519941588184,32217
922e460aae227f91f9e82e451e6e2221,43f97d51eff684e8,f8b84e9a3f492c1b,resize-75b7fd6576-rhx6r,large400ByteIo,1679277519938456950,1679277519938479635,22
b88416c360437786e74df700183b534e,26a90904783be521,root,resize-75b7fd6576-rhx6r,resizeImage,1679277519209207717,1679277519243152974,33945
b88416c360437786e74df700183b534e,e53093bc8fcc0210,26a90904783be521,resize-75b7fd6576-rhx6r,large400ByteIo,1679277519240034843,1679277519240059695,24
ff9e6e251db5a8ab89299bf490c55efa,3bcfe21cf5751965,root,resize-75b7fd6576-rhx6r,resizeImage,1679277521241152978,1679277521283695050,42542
ff9e6e251db5a8ab89299bf490c55efa,2a39d65c570721df,3bcfe21cf5751965,resize-75b7fd6576-rhx6r,large400ByteIo,1679277521279604711,1679277521279636184,31
d1b94b1ab7b844d0c73aca518faa7bb5,4bf5163499cbc80a,root,resize-75b7fd6576-rhx6r,resizeImage,1679277523415407474,1679277523437102166,21694
abf6c584c7e0e435fecc23a045795f6b,fbc98837b3ad2fac,root,resize-75b7fd6576-rhx6r,resizeImage,1679277522974137385,1679277523008388685,34251
abf6c584c7e0e435fecc23a045795f6b,e765aae1713a37ab,fbc98837b3ad2fac,resize-75b7fd6576-rhx6r,large400ByteIo,1679277523005125236,1679277523005150500,25
fe7d034ebdc3971bdbc48f8178f1ce56,6541f5663b07a96f,root,resize-75b7fd6576-rhx6r,resizeImage,1679277525959158448,1679277525981409532,22251
11b92920fdccc6ddea0aa00eff167319,9aa3c8d48b4de52f,root,resize-75b7fd6576-rhx6r,resizeImage,1679277524349147753,1679277524382577488,33429
11b92920fdccc6ddea0aa00eff167319,72e14f99260b78d4,9aa3c8d48b4de52f,resize-75b7fd6576-rhx6r,large400ByteIo,1679277524379435514,1679277524379458934,23
ae7e64ec9e212402f9b3c98240627153,60c9f526d16d176a,root,resize-75b7fd6576-rhx6r,resizeImage,1679277520666314602,1679277520687985301,21670
dff422c93739c0e2cd36088738cfd684,6a574e0dd6272a30,root,resize-75b7fd6576-rhx6r,resizeImage,1679277536896133860,1679277536929307917,33174
dff422c93739c0e2cd36088738cfd684,aee3fff5f91ccd48,6a574e0dd6272a30,resize-75b7fd6576-rhx6r,large400ByteIo,1679277536926037559,1679277536926063255,25
d43ec823db2d660bf5fefa38ce89ca7a,8a6f79d7e8759d95,root,resize-75b7fd6576-rhx6r,resizeImage,1679277531666149150,1679277531696950927,30801
d43ec823db2d660bf5fefa38ce89ca7a,208a473aecf9f3f9,8a6f79d7e8759d95,resize-75b7fd6576-rhx6r,large400ByteIo,1679277531693751659,1679277531693775179,23
fa564c720b16978d44789962d12fc7d9,bf7fd15a008867a2,root,resize-75b7fd6576-rhx6r,resizeImage,1679277530806044377,1679277530849580298,43535
fa564c720b16978d44789962d12fc7d9,6abf4ba79deff8b3,bf7fd15a008867a2,resize-75b7fd6576-rhx6r,large400ByteIo,1679277530846419194,1679277530846442791,23
0b55e13fba18a261d7b331b0378f5f8a,a3e55999e1e9a494,root,resize-75b7fd6576-rhx6r,resizeImage,1679277533833052920,1679277533863506715,30453
0b55e13fba18a261d7b331b0378f5f8a,c95c66394c329cd0,a3e55999e1e9a494,resize-75b7fd6576-rhx6r,large400ByteIo,1679277533860510152,1679277533860532860,22
3671446e1f242eb780b62820f1a0a4d0,bde111b5682cb3d3,root,resize-75b7fd6576-rhx6r,resizeImage,1679277532642061124,1679277532666477798,24416
30b0870779ee1594eeabc000596d9426,7fc0cd76de51ab59,root,resize-75b7fd6576-rhx6r,resizeImage,1679277529709146806,1679277529730011229,20864
2a32500d4129a668ba124f7cf8b6c2f0,3c83250f6842be7f,root,resize-75b7fd6576-rhx6r,resizeImage,1679277532374741957,1679277532411094395,36352
2a32500d4129a668ba124f7cf8b6c2f0,7508f5789f85c6ab,3c83250f6842be7f,resize-75b7fd6576-rhx6r,large400ByteIo,1679277532407729712,1679277532407752839,23
2824c069115f4bca680081751eb64a7b,7dd1364c0d9bb90f,root,resize-75b7fd6576-rhx6r,resizeImage,1679277534578198278,1679277534619343715,41145
2824c069115f4bca680081751eb64a7b,92b72de4d26559f6,7dd1364c0d9bb90f,resize-75b7fd6576-rhx6r,large400ByteIo,1679277534615454349,1679277534615488417,34
9c9d732b2537ffaf494e95b021c56d23,308a5d60a0e17209,root,resize-75b7fd6576-rhx6r,resizeImage,1679277533091890035,1679277533125980713,34090
9c9d732b2537ffaf494e95b021c56d23,dffe83c1b8ad3223,308a5d60a0e17209,resize-75b7fd6576-rhx6r,large400ByteIo,1679277533122834172,1679277533122857394,23
74796e08ab7aa7d50d94a1a2ebc801cd,7bb933c574eb02ec,root,resize-75b7fd6576-rhx6r,resizeImage,1679277532491926031,1679277532513449958,21523
60934aaa84a142b6bb44ce13703cb1c6,57e79debbfe9a282,root,resize-75b7fd6576-rhx6r,resizeImage,1679277527691258104,1679277527712041202,20783
f6ae47e444b9fb3380c022b555319010,7f7bc3dddc629556,root,resize-75b7fd6576-rhx6r,resizeImage,1679277535330935331,1679277535355164383,24229
dae90c726030be2c0ddab3dcd768d4d0,d06a6c72052b4eb8,root,resize-75b7fd6576-rhx6r,resizeImage,1679277536933203144,1679277536957226362,24023
0a60d4ebf926f2d7eab951757855b535,d409c2a427b059dd,root,resize-75b7fd6576-rhx6r,resizeImage,1679277534261482840,1679277534305213239,43730
0a60d4ebf926f2d7eab951757855b535,5e2df8da9f092bcd,d409c2a427b059dd,resize-75b7fd6576-rhx6r,large400ByteIo,1679277534300918373,1679277534300946811,28
6fd60ec82a9cfb1054b3ed16d9372c8e,586e00112692cb0d,root,resize-75b7fd6576-rhx6r,resizeImage,1679277535873097338,1679277535915742017,42644
6fd60ec82a9cfb1054b3ed16d9372c8e,8c5931bb66026496,586e00112692cb0d,resize-75b7fd6576-rhx6r,large400ByteIo,1679277535912062651,1679277535912092944,30
699e4b9c8b5c8b09b2383acfac4a40ad,4c3e33e95dc8ae9c,root,resize-75b7fd6576-rhx6r,resizeImage,1679277529849869013,1679277529871702074,21833
3fc00017f0d77d258ef4a72d702b6bc6,0738769deb5aa8da,root,resize-75b7fd6576-rhx6r,resizeImage,1679277536673838173,1679277536726846183,53008
3fc00017f0d77d258ef4a72d702b6bc6,d9993ef18f438a5f,0738769deb5aa8da,resize-75b7fd6576-rhx6r,large400ByteIo,1679277536722777789,1679277536722820285,42
07215b94b088b5eb56d64941198bbb8b,50a21dc884b065c7,root,resize-75b7fd6576-rhx6r,resizeImage,1679277530700348529,1679277530721282761,20934
cbdf94df8dd8b2fa7d82bb110a3cc4ca,a945522d3fffe354,root,resize-75b7fd6576-rhx6r,resizeImage,1679277528633306312,1679277528659892932,26586
cbdf94df8dd8b2fa7d82bb110a3cc4ca,3125ad70a218414e,a945522d3fffe354,resize-75b7fd6576-rhx6r,large400ByteIo,1679277528656951420,1679277528656972749,21
7aed985830776f3f5774a0c43a5ff1e3,8605131f224e84e0,root,resize-75b7fd6576-rhx6r,resizeImage,1679277529401287190,1679277529433048678,31761
7aed985830776f3f5774a0c43a5ff1e3,8eae038e7603b1d7,8605131f224e84e0,resize-75b7fd6576-rhx6r,large400ByteIo,1679277529429956246,1679277529429978259,22
ea66bc94a48b62455b4525b0c0b62b76,06f05be6a286daf0,root,resize-75b7fd6576-rhx6r,resizeImage,1679277541876426403,1679277541907462078,31035
ea66bc94a48b62455b4525b0c0b62b76,6d7eb29128282ba6,06f05be6a286daf0,resize-75b7fd6576-rhx6r,large400ByteIo,1679277541904279174,1679277541904302543,23
6dcbaac79db2815df2adc09b2762335e,ffce08f4d8416b3c,root,resize-75b7fd6576-rhx6r,resizeImage,1679277543751019634,1679277543782323874,31304
6dcbaac79db2815df2adc09b2762335e,5cfc348ea7950424,ffce08f4d8416b3c,resize-75b7fd6576-rhx6r,large400ByteIo,1679277543779201978,1679277543779226217,24
5828b8452d56164e8d5515b98ad18871,f2f8fdff9fa1ac72,root,resize-75b7fd6576-rhx6r,resizeImage,1679277537873409409,1679277537910198002,36788
5828b8452d56164e8d5515b98ad18871,fc356992389cb1f1,f2f8fdff9fa1ac72,resize-75b7fd6576-rhx6r,large400ByteIo,1679277537906364956,1679277537906388378,23
205e1873ddc798fb58b20a9dffb10b8a,1738b5bb1fa875c8,root,resize-75b7fd6576-rhx6r,resizeImage,1679277545038400951,1679277545060640780,22239
a06018cb33e2f268b24bf52b448c60c7,bc071021cbcb204c,root,resize-75b7fd6576-rhx6r,resizeImage,1679277546537908568,1679277546581525839,43617
a06018cb33e2f268b24bf52b448c60c7,923af41efffa9b59,bc071021cbcb204c,resize-75b7fd6576-rhx6r,large400ByteIo,1679277546577943486,1679277546577970855,27
39de00463550f4746ad0b30f7f4d7bbb,f435b874efb00723,root,resize-75b7fd6576-rhx6r,resizeImage,1679277537670142861,1679277537694377884,24235
8f56ccf7af30a2284573d61934b82e19,6987bc3e7e16d65f,root,resize-75b7fd6576-rhx6r,resizeImage,1679277538756915664,1679277538797404285,40488
8f56ccf7af30a2284573d61934b82e19,9bce29512056e3bf,6987bc3e7e16d65f,resize-75b7fd6576-rhx6r,large400ByteIo,1679277538793531464,1679277538793553609,22
4ed5b9413b238e489b948cf904806951,b27f1d2ddf08012d,root,resize-75b7fd6576-rhx6r,resizeImage,1679277542540897913,1679277542574089541,33191
4ed5b9413b238e489b948cf904806951,6fec7470b62222ec,b27f1d2ddf08012d,resize-75b7fd6576-rhx6r,large400ByteIo,1679277542570666848,1679277542570689891,23
96a89cbf9df693ea175117ada706f68b,74d2bb01c7229980,root,resize-75b7fd6576-rhx6r,resizeImage,1679277541514397308,1679277541544438959,30041
96a89cbf9df693ea175117ada706f68b,925cc9afdde4f366,74d2bb01c7229980,resize-75b7fd6576-rhx6r,large400ByteIo,1679277541541580797,1679277541541604188,23
649cee023bdff4f6a925d942ce1b881d,69c90fc17b12689c,root,resize-75b7fd6576-rhx6r,resizeImage,1679277545136239938,1679277545178943737,42703
649cee023bdff4f6a925d942ce1b881d,b1129e6c5db54174,69c90fc17b12689c,resize-75b7fd6576-rhx6r,large400ByteIo,1679277545175116313,1679277545175141726,25
9f4fe8241d833d2af84a8a917dc575c9,426df35c83f95c4e,root,resize-75b7fd6576-rhx6r,resizeImage,1679277545429568412,1679277545464564658,34996
9f4fe8241d833d2af84a8a917dc575c9,1d210aa26cf14089,426df35c83f95c4e,resize-75b7fd6576-rhx6r,large400ByteIo,1679277545460967519,1679277545460991916,24
3e20f5576bf0bb1921fc99b47681e450,f3862dcf749393de,root,resize-75b7fd6576-rhx6r,resizeImage,1679277557025740295,1679277557056147113,30406
3e20f5576bf0bb1921fc99b47681e450,21a003df108f0480,f3862dcf749393de,resize-75b7fd6576-rhx6r,large400ByteIo,1679277557052977483,1679277557053002577,25
1bc10c26280a38e3f2bea2eed334f17a,acb965035a466274,root,resize-75b7fd6576-rhx6r,resizeImage,1679277538498464178,1679277538532558994,34094
1bc10c26280a38e3f2bea2eed334f17a,b33587c134aaeebb,acb965035a466274,resize-75b7fd6576-rhx6r,large400ByteIo,1679277538529329923,1679277538529354058,24
46e5d9d03149e2ccf2d2164533fcc9d4,07f0b5b719f89505,root,resize-75b7fd6576-rhx6r,resizeImage,1679277540928091648,1679277540967615919,39524
46e5d9d03149e2ccf2d2164533fcc9d4,2129ae02d9d2313c,07f0b5b719f89505,resize-75b7fd6576-rhx6r,large400ByteIo,1679277540964047088,1679277540964071597,24
f6bd30cb1f2a36c38a1e575eaef16906,6cfb30786a508ca8,root,resize-75b7fd6576-rhx6r,resizeImage,1679277542996783339,1679277543026312032,29528
f6bd30cb1f2a36c38a1e575eaef16906,4cb5e49001d94729,6cfb30786a508ca8,resize-75b7fd6576-rhx6r,large400ByteIo,1679277543023257375,1679277543023279731,22
f22a3547d40a6d22ed1773a797eab7cc,14baece95737d26e,root,resize-75b7fd6576-rhx6r,resizeImage,1679277542061257638,1679277542103625820,42368
f22a3547d40a6d22ed1773a797eab7cc,0dfd68f2bc993a8a,14baece95737d26e,resize-75b7fd6576-rhx6r,large400ByteIo,1679277542100101218,1679277542100125965,24
286f3209e727025868009ec828dd36be,28b52a3cb20bf95a,root,resize-75b7fd6576-rhx6r,resizeImage,1679277541370730377,1679277541405573237,34842
286f3209e727025868009ec828dd36be,6d88e24a8081afa1,28b52a3cb20bf95a,resize-75b7fd6576-rhx6r,large400ByteIo,1679277541401939753,1679277541401963674,23
f18a5e0cb296e6c6ee93c731856c62d3,88965c4a37a328ee,root,resize-75b7fd6576-rhx6r,resizeImage,1679277543997242380,1679277544027064969,29822
f18a5e0cb296e6c6ee93c731856c62d3,41f365e8c900b0db,88965c4a37a328ee,resize-75b7fd6576-rhx6r,large400ByteIo,1679277544024699782,1679277544024724609,24
837ab00f18f0d6f1320eb79da09fe8b6,75cabcb31f41c805,root,resize-75b7fd6576-rhx6r,resizeImage,1679277545919365589,1679277545942179796,22814
c3b56c284b26d259ecb5a7b99177e46c,2da01956667c1f57,root,resize-75b7fd6576-rhx6r,resizeImage,1679277539271992617,1679277539306658104,34665
c3b56c284b26d259ecb5a7b99177e46c,ef15a03668d6e989,2da01956667c1f57,resize-75b7fd6576-rhx6r,large400ByteIo,1679277539303154293,1679277539303177327,23
0752ef4c40bedbd7d4c44b001d6e5ae3,5b4151396822d91c,root,resize-75b7fd6576-rhx6r,resizeImage,1679277549642769636,1679277549673292946,30523
0752ef4c40bedbd7d4c44b001d6e5ae3,5506cf0139dfad79,5b4151396822d91c,resize-75b7fd6576-rhx6r,large400ByteIo,1679277549670349839,1679277549670373228,23
b81246db16d7ee7f285a0dbe1d7e40e9,4c96637e6b23b55d,root,resize-75b7fd6576-rhx6r,resizeImage,1679277555957876823,1679277555988884589,31007
b81246db16d7ee7f285a0dbe1d7e40e9,acd13be65d967c12,4c96637e6b23b55d,resize-75b7fd6576-rhx6r,large400ByteIo,1679277555985906859,1679277555985931064,24
c99d9511c53e0dd26d0f69b7fc09ee2f,00890f5899fe5220,root,resize-75b7fd6576-rhx6r,resizeImage,1679277549847850838,1679277549869184649,21333
e1eb700b5b951a78790e7ad2ab75f0bf,b14c1c642e3d6e29,root,resize-75b7fd6576-rhx6r,resizeImage,1679277549028819100,1679277549049725442,20906
497b8b51f5da5eee6181993d34c59a04,a4091f654d1a7614,root,resize-75b7fd6576-rhx6r,resizeImage,1679277556643543999,1679277556680749829,37205
497b8b51f5da5eee6181993d34c59a04,d61b797fa0d0e6a0,a4091f654d1a7614,resize-75b7fd6576-rhx6r,large400ByteIo,1679277556676583088,1679277556676609207,26
43686fa755ae2fa1647f13d0ba6ccc59,b7cf52be1f351c03,root,resize-75b7fd6576-rhx6r,resizeImage,1679277547594766614,1679277547625876380,31109
43686fa755ae2fa1647f13d0ba6ccc59,7a1c87aa08d87768,b7cf52be1f351c03,resize-75b7fd6576-rhx6r,large400ByteIo,1679277547622629330,1679277547622667123,37
a200345515e8c4378b9d9971c3f73795,02f4d2eeaf19b810,root,resize-75b7fd6576-rhx6r,resizeImage,1679277551381923768,1679277551430376446,48452
a200345515e8c4378b9d9971c3f73795,0d242bb6367904e6,02f4d2eeaf19b810,resize-75b7fd6576-rhx6r,large400ByteIo,1679277551426452007,1679277551426476790,24
76620d5d75a86c26dd948d1898154728,146c182582ccac29,root,resize-75b7fd6576-rhx6r,resizeImage,1679277553574705091,1679277553610674485,35969
76620d5d75a86c26dd948d1898154728,f250dfe9d7a3b0db,146c182582ccac29,resize-75b7fd6576-rhx6r,large400ByteIo,1679277553606189462,1679277553606213767,24
51cb6a8afc2928864d91c2d65bbc90e1,5b8695de2f5e240b,root,resize-75b7fd6576-rhx6r,resizeImage,1679277554403285823,1679277554437897947,34612
51cb6a8afc2928864d91c2d65bbc90e1,efff2cfbcf9f1685,5b8695de2f5e240b,resize-75b7fd6576-rhx6r,large400ByteIo,1679277554433723174,1679277554433752969,29
3df48853cd02e3d3a8e0c486d3bd80dc,b7aef92cbaba70c8,root,resize-75b7fd6576-rhx6r,resizeImage,1679277552686505762,1679277552708024177,21518
2e46be16a5ff96dfa34dce6753eff58b,6d7454adf83204b5,root,resize-75b7fd6576-rhx6r,resizeImage,1679277547552996874,1679277547583598621,30601
2e46be16a5ff96dfa34dce6753eff58b,ef6c0c1aacf80fa1,6d7454adf83204b5,resize-75b7fd6576-rhx6r,large400ByteIo,1679277547580576048,1679277547580603363,27
138396310951ee37c4d38f88e66bdc73,fcb9dba74af0b817,root,resize-75b7fd6576-rhx6r,resizeImage,1679277554724695201,1679277554762771659,38076
138396310951ee37c4d38f88e66bdc73,d3ee9b7984d05c80,fcb9dba74af0b817,resize-75b7fd6576-rhx6r,large400ByteIo,1679277554759492047,1679277554759516584,24
4aee3e3287d0874859dae2a9aa214420,6fe53608857ebd31,root,resize-75b7fd6576-rhx6r,resizeImage,1679277554179200560,1679277554252835339,73634
4aee3e3287d0874859dae2a9aa214420,de9aef8ffe6ecea5,6fe53608857ebd31,resize-75b7fd6576-rhx6r,large400ByteIo,1679277554249206170,1679277554249235614,29
d80cf36b68a7954b26434f5991c6dbc1,8b73869d4a3d9b9c,root,resize-75b7fd6576-rhx6r,resizeImage,1679277556370930047,1679277556402519969,31589
d80cf36b68a7954b26434f5991c6dbc1,f56e3332ded30dc9,8b73869d4a3d9b9c,resize-75b7fd6576-rhx6r,large400ByteIo,1679277556399379918,1679277556399405785,25
7207349aead482bb5429ed972fce0253,8eb42a2db82b32f6,root,resize-75b7fd6576-rhx6r,resizeImage,1679277554025844783,1679277554060098129,34253
7207349aead482bb5429ed972fce0253,2d1f44f986e7a95f,8eb42a2db82b32f6,resize-75b7fd6576-rhx6r,large400ByteIo,1679277554056533883,1679277554056577186,43
37e5fd3ad1eff749098aec0fd6643178,6054818d9ebd5372,root,resize-75b7fd6576-rhx6r,resizeImage,1679277548024042781,1679277548057196353,33153
37e5fd3ad1eff749098aec0fd6643178,27abafa038f059ba,6054818d9ebd5372,resize-75b7fd6576-rhx6r,large400ByteIo,1679277548053865928,1679277548053889885,23
a2da5a61a6d52fcde8b6b85c27bca31d,ff4ee9cb062f521e,root,resize-75b7fd6576-rhx6r,resizeImage,1679277551485621675,1679277551530893771,45272
a2da5a61a6d52fcde8b6b85c27bca31d,b8c572b59bc2413d,ff4ee9cb062f521e,resize-75b7fd6576-rhx6r,large400ByteIo,1679277551527190032,1679277551527215580,25
187208100826bc321f370d391dc3f2e8,1a6d2b3574eeb5ec,root,resize-75b7fd6576-rhx6r,resizeImage,1679277556297766422,1679277556327287171,29520
187208100826bc321f370d391dc3f2e8,99c7cf6996122ba7,1a6d2b3574eeb5ec,resize-75b7fd6576-rhx6r,large400ByteIo,1679277556324310810,1679277556324336268,25
5b5724df252748c3dcb4a874d69e7913,c8b2dd483467fb2d,root,resize-75b7fd6576-rhx6r,resizeImage,1679277551337172432,1679277551375178344,38005
5b5724df252748c3dcb4a874d69e7913,069d54cedc2645a0,c8b2dd483467fb2d,resize-75b7fd6576-rhx6r,large400ByteIo,1679277551371613598,1679277551371639575,25
a02d2ff4b2d816b461be16f1a04b1196,67b71a6513707581,root,resize-75b7fd6576-rhx6r,resizeImage,1679277552132089731,1679277552154452911,22363
