TraceID,SpanID,ParentID,PodName,OperationName,StartTimeUnixNano,EndTimeUnixNano,Duration
fac663203dcbc15c3ad1dfa2047a00ab,eab8ba94b7b72e90,root,resize-575dc9b8cd-2m7gs,resizeImage,1684136548146724297,1684136548148665571,1941
4c114bad5b36573b64cac220bba9206e,880ba3c6b43dbd08,root,resize-575dc9b8cd-2m7gs,resizeImage,1684136526844945435,1684136526846856609,1911
453764c5c01e6cc96145a4ee30b963d8,1e19b4e0fae600e2,root,resize-575dc9b8cd-2m7gs,resizeImage,1684136541290335239,1684136541292108648,1773
99d492ec0ac86314f2610724a1d3c432,c15a0bac1353e755,root,resize-575dc9b8cd-2m7gs,resizeImage,1684136532119410413,1684136532121359606,1949
a21c96bf90f10e5c895acca4488e5816,f83aa7c6db797b81,root,resize-575dc9b8cd-2m7gs,resizeImage,1684136546647406127,1684136546649206528,1800
239379268165ff6ada43748ff29d8eed,b23180983db8816f,root,resize-575dc9b8cd-2m7gs,resizeImage,1684136567454466866,1684136567456478622,2011
e5a5464cd65efed6051729ac5e17d780,6d0e9785265c2ffb,root,resize-575dc9b8cd-2m7gs,resizeImage,1684136534157702494,1684136534159814345,2111
0bbe2c7bc3fc55f88543dff280d082e8,f0104b680954eb56,root,resize-575dc9b8cd-2m7gs,resizeImage,1684136538765601358,1684136538767620915,2019
324a8c9dfa851aa5b8ff9edfe16f1bec,cc3d96cb08c73ef5,root,resize-575dc9b8cd-2m7gs,resizeImage,1684136557939994501,1684136557941973193,1978
da18bbbf2b0ae0a79e40d9d5cb32771e,883e5e1658c41784,root,resize-575dc9b8cd-2m7gs,resizeImage,1684136560073679102,1684136560075635781,1956
ed24b22ad36c9c2c594b23dc61059203,8f3c464b2387408b,root,resize-575dc9b8cd-2m7gs,resizeImage,1684136535420501634,1684136535422464845,1963
b45d2888ae0971fcb6b6989888ef6d54,1dc60b7fbf890e50,root,resize-575dc9b8cd-2m7gs,resizeImage,1684136543837263402,1684136543839209385,1945
c86ffa12ca9412de2bb78d6532d316c9,fd344841495bec68,root,resize-575dc9b8cd-2m7gs,resizeImage,1684136549843810676,1684136549845754660,1943
e6b5f884438b8bcde602e375485a2214,9b6be0e099c6ecfb,root,resize-575dc9b8cd-2m7gs,resizeImage,1684136521816597794,1684136521818552512,1954
3209751954b64f513ec2a1f95120431b,614f53c1fae44f5c,root,resize-575dc9b8cd-2m7gs,resizeImage,1684136529774213061,1684136529776155322,1942
29a64c5e9bab278920773e89437f6bda,724ca8a5d3557bb5,root,resize-575dc9b8cd-2m7gs,resizeImage,1684136545126758662,1684136545128538927,1780
e30dc3b21278422042ece8455224cfad,aeb6fb3b7df43dad,root,resize-575dc9b8cd-2m7gs,resizeImage,1684136555080284019,1684136555089682471,9398
79259bf4453b00ec692db6ae96b09ff5,a18c9013369ee9ca,root,resize-575dc9b8cd-2m7gs,resizeImage,1684136539972943143,1684136539974833759,1890
7edf34f3c49a046fc2702732950907b9,f28e0a1be08e3aa7,root,resize-575dc9b8cd-2m7gs,resizeImage,1684136552130630962,1684136552132525194,1894
3b1c82291a160ec19e8c60b34396174a,fb5de8ca1d330d15,root,resize-575dc9b8cd-2m7gs,resizeImage,1684136569307646904,1684136569309531242,1884
b7b019c70124fcee47de9dd9d2314c08,9666b0e114007e31,root,resize-575dc9b8cd-2m7gs,resizeImage,1684136574573230493,1684136574575056544,1826
7544ab39e6ae8b768c8eb8557081a726,f2503b6991ca6b7e,root,resize-575dc9b8cd-2m7gs,resizeImage,1684136578220904378,1684136578223392189,2487
4bf1b4cf96444dd60579e49049beb06b,2e555b02d0cf4f0d,root,resize-575dc9b8cd-2m7gs,resizeImage,1684136572549433971,1684136572551259188,1825
98646e1a7487d7ea6a5d97a8e3d6320d,07941ad4c6ff5902,root,resize-575dc9b8cd-2m7gs,resizeImage,1684136561567633068,1684136561569414531,1781
c4b74537f926c7c01a03a173102f0082,6f44fefd83043624,root,resize-575dc9b8cd-2m7gs,resizeImage,1684136570986563669,1684136570988515973,1952
